alpha:
  Add: 6.9375
  And: 11.413085937499998
  BitAnd: 3.3660714285714284
  BitOr: 3.1696428571428568
  BitXor: 3.571428571428571
  Eq: 15.186523437499998
  FloorDiv: 3645.1696428571427
  Gt: 22.644531249999996
  GtE: 19.982142857142854
  Invert: 1.0
  IsNot: 1.0
  LShift: 10.901785714285714
  Lt: 23.791713169642854
  LtE: 22.395926339285715
  Mod: 16.1865234375
  Mult: 1287.3816964285713
  Not: 1.0
  NotEq: 24.68987165178571
  OffChipIO: 0.0
  Or: 10.7470703125
  RShift: 10.901785714285714
  Regs: 0.17659358047016274
  Sub: 7.9375
  UAdd: 6.9375
  USub: 7.9375
beta:
  Add: 7.000000000296678
  And: 10.17187499899408
  BitAnd: 2.999999999703323
  BitOr: 2.999999999703323
  BitXor: 4.000000000593355
  Buf: 0.0
  Eq: 8.046874998215301
  FloorDiv: 3332.999999670392
  Gt: 10.781249998933816
  GtE: 10.999999997923261
  Invert: 1.0
  IsNot: 1.0
  LShift: 10.0
  Lt: 14.171874999587434
  LtE: 10.781249998933816
  MainMem: 0.2506329113676194
  Mod: 9.046874999105334
  Mult: 1261.6874998752287
  Not: 1.0
  NotEq: 14.171874999587434
  Or: 10.17187499899408
  RShift: 10.0
  Regs: 0.002966772151605343
  Sub: 7.999999998219937
  UAdd: 7.000000000296678
  USub: 7.999999998219937
gamma:
  Add: 91.3225806451613
  And: 9.96774193548387
  BitAnd: 1.3741935483870968
  BitOr: 1.4516129032258065
  BitXor: 1.3419354838709676
  Buf: 0.0
  Eq: 10.03225806451613
  FloorDiv: 248.77419354838713
  Gt: 14.93548387096774
  GtE: 15.064516129032258
  Invert: 1.0
  IsNot: 1.0
  LShift: 0.15483870967741936
  Lt: 11.032258064516128
  LtE: 11.032258064516128
  MainMem: 25.806451612903228
  Mod: 11.032258064516128
  Mult: 321.0967741935484
  Not: 1.0
  NotEq: 11.032258064516128
  OffChipIO: 0.0
  Or: 10.193548387096774
  RShift: 0.15483870967741936
  Regs: 12.903225806451614
  Sub: 92.3225806451613
  UAdd: 91.3225806451613
  USub: 92.3225806451613
