alpha:
  Add: 6.9375
  And: 6.521763392857143
  BitAnd: 3.3660714285714284
  BitOr: 3.169642857142857
  BitXor: 3.5714285714285716
  Eq: 15.028738839285714
  FloorDiv: 915.1696428571429
  Gt: 19.41796875
  GtE: 19.41796875
  Invert: 1.0
  IsNot: 1.0
  LShift: 10.901785714285714
  Lt: 19.41796875
  LtE: 19.41796875
  Mod: 16.028738839285715
  Mult: 289.46205357142856
  Not: 1.0
  NotEq: 19.41796875
  OffChipIO: 0.0
  Or: 6.141183035714286
  RShift: 10.901785714285714
  Regs: 0.5580357142857143
  Sub: 7.9375
  UAdd: 6.9375
  USub: 7.9375
beta:
  Add: 6.999999998125
  And: 5.812499998183594
  BitAnd: 2.9999999990625
  BitOr: 2.9999999990625
  BitXor: 3.9999999990625
  Buf: 0.0
  Eq: 7.906249997216798
  FloorDiv: 836.9999997384375
  Gt: 9.812500000058593
  GtE: 9.812500000058593
  Invert: 1.0
  IsNot: 1.0
  LShift: 10.0
  Lt: 9.812500000058593
  LtE: 9.812500000058593
  MainMem: 0.7919999997525001
  Mod: 8.906249997216797
  Mult: 283.2499998802344
  Not: 1.0
  NotEq: 9.812500000058593
  Or: 5.812499998183594
  RShift: 10.0
  Regs: 3.9999999990625
  Sub: 7.999999997187501
  UAdd: 6.999999998125
  USub: 7.999999997187501
gamma:
  Add: 22.857142857142858
  And: 7.142857142857142
  BitAnd: 1.3714285714285712
  BitOr: 1.4628571428571429
  BitXor: 1.3485714285714283
  Buf: 0.0
  Eq: 3.6372571428571425
  FloorDiv: 248.57142857142853
  Gt: 4.637257142857143
  GtE: 4.637257142857143
  Invert: 1.0
  IsNot: 1.0
  LShift: 0.15428571428571428
  Lt: 4.637257142857143
  LtE: 4.637257142857143
  MainMem: 22.857142857142858
  Mod: 4.637257142857143
  Mult: 20.086474914285713
  Not: 1.0
  NotEq: 4.637257142857143
  OffChipIO: 0.0
  Or: 7.3
  RShift: 0.15428571428571428
  Regs: 11.428571428571429
  Sub: 23.857142857142854
  UAdd: 22.857142857142858
  USub: 23.857142857142854
