alpha:
  Add: 4.750936329588015
  And: 0.07125468164794006
  BitAnd: 1.0569288389513107
  BitOr: 0.07106741573033708
  BitXor: 0.900749063670412
  Eq: 0.8821161048689139
  FloorDiv: 104.31647940074906
  Gt: 1.6632022471910113
  GtE: 1.8647940074906366
  Invert: 1.0
  IsNot: 1.0
  LShift: 3.4625468164794007
  Lt: 1.6632022471910113
  LtE: 1.8647940074906366
  Mod: 146.26404494382024
  Mult: 46.554307116104866
  Not: 1.0
  NotEq: 0.8850187265917604
  OffChipIO: 0.0
  Or: 0.07106741573033708
  RShift: 4.002808988764045
  Regs: 4.449438202247191
  Sub: 5.478464419475656
  UAdd: 4.750936329588015
  USub: 5.478464419475656
area:
  Add: 7.895427754956241
  And: 0.6249330237542419
  BitAnd: 1.999910698338989
  BitOr: 1.999910698338989
  BitXor: 2.999821396677978
  Buf: 0.0
  Eq: 3.624843722093231
  FloorDiv: 136.13904268619396
  Gt: 4.166458296124308
  GtE: 4.12475442043222
  Invert: 1.0
  IsNot: 1.0
  LShift: 10.353634577603144
  Lt: 4.166458296124308
  LtE: 4.12475442043222
  MainMem: 8546430.434006073
  Mod: 168.19994641900337
  Mult: 57.372120021432394
  Not: 1.0
  NotEq: 3.624843722093231
  Or: 0.6249330237542419
  RShift: 9.853634577603142
  Regs: 8.270405429540988
  Sub: 8.145383104125736
  UAdd: 7.895427754956241
  USub: 8.145383104125736
beta:
  Add: 1730.0
  And: 55.0
  BitAnd: 800.0
  BitOr: 800.0
  BitXor: 716.6666666666666
  Buf: 0.0
  Eq: 776.6666666666666
  FloorDiv: 30100.0
  Gt: 736.6666666666666
  GtE: 796.6666666666667
  Invert: 1.0
  IsNot: 1.0
  LShift: 2033.3333333333333
  Lt: 736.6666666666666
  LtE: 796.6666666666667
  MainMem: 28160.0
  Mod: 38666.666666666664
  Mult: 12900.0
  Not: 1.0
  NotEq: 770.0
  Or: 47.33333333333333
  RShift: 2006.6666666666665
  Regs: 1526.6666666666667
  Sub: 2063.3333333333335
  UAdd: 1730.0
  USub: 2063.3333333333335
gamma:
  Add: 12.518771331058021
  And: 0.8890784982935154
  BitAnd: 0.3225255972696246
  BitOr: 0.32081911262798635
  BitXor: 0.3839590443686007
  Buf: 0.0
  Eq: 1.9897610921501705
  FloorDiv: 34.12457337883959
  Gt: 3.4402730375426622
  GtE: 4.3037542662116035
  Invert: 1.0
  IsNot: 1.0
  LShift: 3.887372013651877
  Lt: 3.4402730375426622
  LtE: 4.3037542662116035
  MainMem: 13.651877133105803
  Mod: 33.36518771331058
  Mult: 11.6160409556314
  Not: 1.0
  NotEq: 1.52901023890785
  OffChipIO: 0.0
  Or: 0.9419795221843004
  RShift: 5.228668941979523
  Regs: 1.977815699658703
  Sub: 8.517064846416382
  UAdd: 12.518771331058021
  USub: 8.517064846416382
