alpha:
  Add: 6.9375
  And: 11.4130859375
  BitAnd: 3.3660714285714284
  BitOr: 3.169642857142857
  BitXor: 3.5714285714285716
  Eq: 15.1865234375
  FloorDiv: 3645.1696428571427
  Gt: 22.64453125
  GtE: 19.982142857142858
  Invert: 1.0
  IsNot: 1.0
  LShift: 10.901785714285714
  Lt: 23.791713169642858
  LtE: 22.395926339285715
  Mod: 16.1865234375
  Mult: 1287.3816964285713
  Not: 1.0
  NotEq: 24.689871651785715
  OffChipIO: 0.0
  Or: 10.7470703125
  RShift: 10.901785714285714
  Regs: 0.13950892857142858
  Sub: 7.9375
  UAdd: 6.9375
  USub: 7.9375
beta:
  Add: 7.000000000234375
  And: 10.171874999205322
  BitAnd: 2.999999999765625
  BitOr: 2.999999999765625
  BitXor: 4.0000000004687495
  Buf: 0.0
  Eq: 8.046874998590088
  FloorDiv: 3332.9999997396094
  Gt: 10.781249999157716
  GtE: 10.999999998359375
  Invert: 1.0
  IsNot: 1.0
  LShift: 10.0
  Lt: 14.171874999674072
  LtE: 10.781249999157716
  MainMem: 0.19799999998453124
  Mod: 9.046874999293212
  Mult: 1261.6874999014306
  Not: 1.0
  NotEq: 14.171874999674072
  Or: 10.171874999205322
  RShift: 10.0
  Regs: 1.0
  Sub: 7.99999999859375
  UAdd: 7.000000000234375
  USub: 7.99999999859375
gamma:
  Add: 91.42857142857144
  And: 10.0
  BitAnd: 1.3714285714285717
  BitOr: 1.462857142857143
  BitXor: 1.3485714285714288
  Buf: 0.0
  Eq: 10.057142857142857
  FloorDiv: 248.57142857142858
  Gt: 14.942857142857145
  GtE: 15.085714285714287
  Invert: 1.0
  IsNot: 1.0
  LShift: 0.1542857142857143
  Lt: 11.057142857142859
  LtE: 11.057142857142859
  MainMem: 22.85714285714286
  Mod: 11.057142857142859
  Mult: 321.3714285714286
  Not: 1.0
  NotEq: 11.057142857142859
  OffChipIO: 0.0
  Or: 10.222857142857144
  RShift: 0.1542857142857143
  Regs: 11.42857142857143
  Sub: 92.42857142857144
  UAdd: 91.42857142857144
  USub: 92.42857142857144
