alpha:
  Add: 6.937499999999999
  And: 11.413085937499998
  BitAnd: 3.3660714285714284
  BitOr: 3.1696428571428568
  BitXor: 3.571428571428571
  Eq: 15.1865234375
  FloorDiv: 3645.16964305067
  Gt: 22.644531249999996
  GtE: 19.982142857142858
  Invert: 1.0
  IsNot: 1.0
  LShift: 10.901785714285714
  Lt: 23.791713169642854
  LtE: 22.39592633928571
  Mod: 16.1865234375
  Mult: 1287.3816963318077
  Not: 1.0
  NotEq: 24.68987165178571
  OffChipIO: 0.0
  Or: 10.7470703125
  RShift: 10.901785714285714
  Regs: 0.24190901434268866
  Sub: 7.9375
  UAdd: 6.937499999999999
  USub: 7.9375
beta:
  Add: 7.000000000406407
  And: 10.171874998622027
  BitAnd: 2.999999999593593
  BitOr: 2.999999999593593
  BitXor: 3.999999999593593
  Buf: 0.0
  Eq: 8.046874997555207
  FloorDiv: 3332.9999995484814
  Gt: 10.781249998539474
  GtE: 10.99999999715515
  Invert: 1.0
  IsNot: 1.0
  LShift: 10.0
  Lt: 14.17187499943484
  LtE: 10.781249998539474
  MainMem: 0.3433327552855508
  Mod: 9.046874998774427
  Mult: 1261.6874998290803
  Not: 1.0
  NotEq: 14.17187499943484
  Or: 10.171874998622027
  RShift: 10.0
  Regs: 0.004064071440406614
  Sub: 7.999999997561557
  UAdd: 7.000000000406407
  USub: 7.999999997561557
gamma:
  Add: 91.10714285714285
  And: 9.964285714285714
  BitAnd: 1.3714285714285714
  BitOr: 1.4285714285714284
  BitXor: 1.3428571428571427
  Buf: 0.0
  Eq: 9.999999999999998
  FloorDiv: 248.14999999999995
  Gt: 14.89285714285714
  GtE: 15.035714285714283
  Invert: 1.0
  IsNot: 1.0
  LShift: 1.5285714285714282
  Lt: 10.999999999999998
  LtE: 10.999999999999998
  MainMem: 28.57142857142857
  Mod: 10.999999999999998
  Mult: 320.25
  Not: 1.0
  NotEq: 10.999999999999998
  OffChipIO: 0.0
  Or: 10.178571428571429
  RShift: 1.5285714285714282
  Regs: 14.285714285714285
  Sub: 92.10714285714283
  UAdd: 91.10714285714285
  USub: 92.10714285714283
