Ceff:
  Add: 0.00014361073372521903
  And: 8.953338842975206e-07
  BitAnd: 8.953338842975206e-07
  BitOr: 8.953338842975206e-07
  BitXor: 8.953338842975206e-07
  Eq: 0.0002203672297520661
  FloorDiv: 0.010227992727272726
  Gt: 0.0002203672297520661
  GtE: 0.0002203672297520661
  Invert: 8.953338842975206e-07
  IsNot: 8.953338842975206e-07
  LShift: 0.00024138499173553718
  Lt: 0.0002203672297520661
  LtE: 0.0002203672297520661
  Mod: 0.0002203672297520661
  Mult: 0.003161976072635077
  Not: 8.953338842975206e-07
  NotEq: 0.0002203672297520661
  Or: 8.953338842975206e-07
  RShift: 0.00024138499173553718
  Regs: 4.5566665374483786e-06
  Sub: 0.0002203672297520661
  UAdd: 0.0002203672297520661
  USub: 0.0002203672297520661
Reff:
  Add: 1454.544309888079
  And: 33507.05309621786
  BitAnd: 33507.05309621786
  BitOr: 33507.05309621786
  BitXor: 33507.05309621786
  Eq: 2132.80350498935
  FloorDiv: 47.90773840632731
  Gt: 2132.80350498935
  GtE: 2132.80350498935
  Invert: 33507.05309621786
  IsNot: 33507.05309621786
  LShift: 1449.9658718776602
  Lt: 2132.80350498935
  LtE: 2132.80350498935
  Mod: 2132.80350498935
  Mult: 42.24564242449015
  Not: 30036.563171104925
  NotEq: 2132.80350498935
  Or: 33507.05309621786
  RShift: 1449.9658718776602
  Regs: 20691.665670547598
  Sub: 2132.80350498935
  UAdd: 2132.80350498935
  USub: 2132.80350498935
other:
  BufL: 1.2642733721403612
  BufPpass: 6.348340000000001e-08
  BufReadEact: 2.024339687891378e-10
  BufWriteEact: 2.899017251011259e-10
  MemPpass: 4.736063178087738e-08
  MemReadEact: 1.1087971525809959e-09
  MemReadL: 3.535283085217998
  MemWriteEact: 2.4721755476638727e-09
  MemWriteL: 3.5352830852126385
  OffChipIOL: 1.25e-09
  OffChipIOPact: 1.50636
  V_dd: 0.5000053829411548
