Ceff:
  Add: 6.209265850988742e-05
  And: 8.953338842975206e-07
  BitAnd: 8.953338842975206e-07
  BitOr: 8.953338842975206e-07
  BitXor: 8.953338842975206e-07
  Eq: 0.0002203672297520661
  FloorDiv: 0.010227992727272726
  Gt: 0.0002203672297520661
  GtE: 0.0002203672297520661
  Invert: 8.953338842975206e-07
  IsNot: 8.953338842975206e-07
  LShift: 0.00024138499173553718
  Lt: 0.0002203672297520661
  LtE: 0.0002203672297520661
  Mod: 0.0002203672297520661
  Mult: 0.0025342019232844726
  Not: 8.953338842975206e-07
  NotEq: 0.0002203672297520661
  Or: 8.953338842975206e-07
  RShift: 0.00024138499173553718
  Regs: 1.2806552096981875e-05
  Sub: 0.0002203672297520661
  UAdd: 0.0002203672297520661
  USub: 0.0002203672297520661
Reff:
  Add: 600.9574917014867
  And: 33507.05309621786
  BitAnd: 33507.05309621786
  BitOr: 33507.05309621786
  BitXor: 33507.05309621786
  Eq: 2132.80350498935
  FloorDiv: 47.90773840632731
  Gt: 2132.80350498935
  GtE: 2132.80350498935
  Invert: 33507.05309621786
  IsNot: 33507.05309621786
  LShift: 1449.9658718776602
  Lt: 2132.80350498935
  LtE: 2132.80350498935
  Mod: 2132.80350498935
  Mult: 11.869472049762006
  Not: 8301.577551404938
  NotEq: 2132.80350498935
  Or: 33507.05309621786
  RShift: 1449.9658718776602
  Regs: 57877.08886513586
  Sub: 2132.80350498935
  UAdd: 2132.80350498935
  USub: 2132.80350498935
other:
  BufL: 0.17195215193620894
  BufPpass: 0.00133685
  BufReadEact: 5.328482556724005e-12
  BufWriteEact: 6.565904320435514e-12
  MemPpass: 0.044007381076194674
  MemReadEact: 1.525307832244753e-10
  MemReadL: 1.0063327048583888
  MemWriteEact: 1.605219338091001e-10
  MemWriteL: 1.006332704858389
  OffChipIOL: 1.25e-18
  OffChipIOPact: 2408160.0
  V_dd: 0.6515790885443095
