Ceff:
  Add: 0.00012101057798294949
  And: 8.953338842975206e-07
  BitAnd: 8.953338842975206e-07
  BitOr: 8.953338842975206e-07
  BitXor: 8.953338842975206e-07
  Eq: 0.0002203672297520661
  FloorDiv: 0.010227992727272726
  Gt: 0.0002203672297520661
  GtE: 0.0002203672297520661
  Invert: 8.953338842975206e-07
  IsNot: 8.953338842975206e-07
  LShift: 0.00024138499173553718
  Lt: 0.0002203672297520661
  LtE: 0.0002203672297520661
  Mod: 0.0002203672297520661
  Mult: 0.005350116525077975
  Not: 8.953338842975206e-07
  NotEq: 0.0002203672297520661
  Or: 8.953338842975206e-07
  RShift: 0.00024138499173553718
  Regs: 1.3442524176766756e-05
  Sub: 0.0002203672297520661
  UAdd: 0.0002203672297520661
  USub: 0.0002203672297520661
Reff:
  Add: 1171.1889091006806
  And: 33507.05309621786
  BitAnd: 33507.05309621786
  BitOr: 33507.05309621786
  BitXor: 33507.05309621786
  Eq: 2132.80350498935
  FloorDiv: 47.90773840632731
  Gt: 2132.80350498935
  GtE: 2132.80350498935
  Invert: 33507.05309621786
  IsNot: 33507.05309621786
  LShift: 1449.9658718776602
  Lt: 2132.80350498935
  LtE: 2132.80350498935
  Mod: 2132.80350498935
  Mult: 47.90773840632731
  Not: 17526.100143914384
  NotEq: 2132.80350498935
  Or: 33507.05309621786
  RShift: 1449.9658718776602
  Regs: 60751.26106501168
  Sub: 2132.80350498935
  UAdd: 2132.80350498935
  USub: 2132.80350498935
other:
  BufL: 0.6222929808957431
  BufPpass: 0.00136078
  BufReadEact: 1.90051981031468e-11
  BufWriteEact: 2.125733398080559e-11
  MemPpass: 0.051471848900523046
  MemReadEact: 3.2201981024083004e-10
  MemReadL: 1.9965582246367404
  MemWriteEact: 3.388905607878796e-10
  MemWriteL: 1.9965582246367404
  OffChipIOL: 1.25e-18
  OffChipIOPact: 2408160.0
  V_dd: 0.8023939990552654
