Ceff:
  Add: 0.00014728884187788097
  And: 8.953338842975206e-07
  BitAnd: 8.953338842975206e-07
  BitOr: 8.953338842975206e-07
  BitXor: 8.953338842975206e-07
  Eq: 0.0002203672297520661
  FloorDiv: 0.010227992727272726
  Gt: 0.0002203672297520661
  GtE: 0.00010788390149797436
  Invert: 8.953338842975206e-07
  IsNot: 8.953338842975206e-07
  LShift: 0.00024138499173553718
  Lt: 0.00010788390149797434
  LtE: 0.0002203672297520661
  Mod: 0.0002203672297520661
  Mult: 0.00790367174570626
  Not: 8.953338842975206e-07
  NotEq: 0.0002203672297520661
  Or: 4.3739256366989205e-07
  RShift: 0.00024138499173553718
  Regs: 1.143633735118822e-05
  Sub: 0.00010788390149797388
  UAdd: 0.0002203672297520661
  USub: 0.0002203672297520661
Reff:
  Add: 1411.7990071042418
  And: 33507.05309621786
  BitAnd: 33507.05309621786
  BitOr: 33507.05309621786
  BitXor: 33507.05309621786
  Eq: 2132.80350498935
  FloorDiv: 47.90773840632731
  Gt: 2132.80350498935
  GtE: 2132.80350498935
  Invert: 33507.05309621786
  IsNot: 33507.05309621786
  LShift: 1449.9658718776602
  Lt: 2132.80350498935
  LtE: 2132.80350498935
  Mod: 2132.80350498935
  Mult: 47.90773840632731
  Not: 6737.614518902294
  NotEq: 2132.80350498935
  Or: 33507.05309621786
  RShift: 1449.9658718776602
  Regs: 51692.754232502935
  Sub: 2132.80350498935
  UAdd: 2132.80350498935
  USub: 2132.80350498935
other:
  BufL: 0.7283853415024336
  BufPpass: 6.348340000000001e-08
  BufReadEact: 1.1179864054287468e-10
  BufWriteEact: 1.6010529083653495e-10
  MemPpass: 3.660394272671544e-08
  MemReadEact: 6.123833644250271e-10
  MemReadL: 2.0763762541785007
  MemWriteEact: 1.3654566038200974e-09
  MemWriteL: 2.076376254178501
  OffChipIOL: 1.25e-09
  OffChipIOPact: 1.50636
  V_dd: 0.8019939837067055
