Ceff:
  Add: 9.764453162009421e-05
  And: 8.953338842975206e-07
  BitAnd: 8.953338842975206e-07
  BitOr: 8.953338842975206e-07
  BitXor: 8.953338842975206e-07
  Eq: 0.0002203672297520661
  FloorDiv: 0.010227992727272726
  Gt: 0.0002203672297520661
  GtE: 7.651796215513539e-05
  Invert: 8.953338842975206e-07
  IsNot: 8.953338842975206e-07
  LShift: 0.00024138499173553718
  Lt: 7.651796215513967e-05
  LtE: 0.0002203672297520661
  Mod: 0.0002203672297520661
  Mult: 0.005596194060196444
  Not: 8.953338842975206e-07
  NotEq: 0.0002203672297520661
  Or: 3.1060185073134066e-07
  RShift: 0.00024138499173553718
  Regs: 1.0016854393797596e-05
  Sub: 7.651796215513562e-05
  UAdd: 0.0002203672297520661
  USub: 0.0002203672297520661
Reff:
  Add: 935.7541340716564
  And: 33507.05309621786
  BitAnd: 33507.05309621786
  BitOr: 33507.05309621786
  BitXor: 33507.05309621786
  Eq: 2132.80350498935
  FloorDiv: 47.90773840632731
  Gt: 2132.80350498935
  GtE: 2132.80350498935
  Invert: 33507.05309621786
  IsNot: 33507.05309621786
  LShift: 1449.9658718776602
  Lt: 2132.80350498935
  LtE: 2132.80350498935
  Mod: 2132.80350498935
  Mult: 47.90773840632731
  Not: 709.3714907430409
  NotEq: 2132.80350498935
  Or: 33507.05309621786
  RShift: 1449.9658718776602
  Regs: 45250.8587524552
  Sub: 2132.80350498935
  UAdd: 2132.80350498935
  USub: 2132.80350498935
other:
  BufL: 0.515510565468576
  BufPpass: 6.348340000000001e-08
  BufReadEact: 7.939090541610542e-11
  BufWriteEact: 1.1369455702752633e-10
  MemPpass: 2.33101268134199e-08
  MemReadEact: 4.348656528342079e-10
  MemReadL: 1.4675338162594223
  MemWriteEact: 9.696295653005765e-10
  MemWriteL: 1.4675338162594223
  OffChipIOL: 1.25e-09
  OffChipIOPact: 1.50636
  V_dd: 0.8003625009041319
