Ceff:
  Add: 2.285366314892119e-13
  And: 1.4922231404958676e-14
  BitAnd: 1.4922231404958676e-14
  BitOr: 1.4922231404958676e-14
  BitXor: 1.4922231404958676e-14
  Eq: 2.344332231404959e-13
  FloorDiv: 1.0436727272727271e-11
  Gt: 2.344332231404959e-13
  GtE: 2.344332231404959e-13
  Invert: 1.4922231404958676e-14
  IsNot: 1.4922231404958676e-14
  LShift: 3.448357024793389e-13
  Lt: 2.344332231404959e-13
  LtE: 2.344332231404959e-13
  Mod: 2.344332231404959e-13
  Mult: 6.985440649876469e-12
  Not: 1.4922231404958676e-14
  NotEq: 2.344332231404959e-13
  Or: 1.4922231404958676e-14
  RShift: 3.448357024793389e-13
  Regs: 7.375975968891061e-15
  Sub: 2.344332231404959e-13
  UAdd: 2.344332231404959e-13
  USub: 2.344332231404959e-13
Reff:
  Add: 1978.0966414061859
  And: 2010.4231857730717
  BitAnd: 2010.4231857730717
  BitOr: 2010.4231857730717
  BitXor: 2010.4231857730717
  Eq: 2004.8352946899886
  FloorDiv: 46.949583638200764
  Gt: 2004.8352946899886
  GtE: 2004.8352946899886
  Invert: 2010.4231857730717
  IsNot: 2010.4231857730717
  LShift: 1014.976110314362
  Lt: 2004.8352946899886
  LtE: 2004.8352946899886
  Mod: 2004.8352946899886
  Mult: 37.253590794441315
  Not: 2010.423168366753
  NotEq: 2004.8352946899886
  Or: 2010.4231857730717
  RShift: 1014.976110314362
  Regs: 133751.47361263583
  Sub: 2004.8352946899886
  UAdd: 2004.8352946899886
  USub: 2004.8352946899886
other:
  MemPpass: 8.350687298316306e-08
  MemReadL: 2.0000000000595067e-09
  MemReadPact: 2.304454357888728e-12
  MemWriteL: 2.0000000000595067e-09
  MemWritePact: 2.3044543578887286e-12
  V_dd: 0.5864321373106823
  f: 4999999987.145444
