Ceff:
  Add: 2.28081361240767e-13
  And: 1.4922231404958676e-14
  BitAnd: 1.4922231404958676e-14
  BitOr: 1.4922231404958676e-14
  BitXor: 1.4922231404958676e-14
  Eq: 2.344332231404959e-13
  FloorDiv: 1.0436727272727271e-11
  Gt: 2.344332231404959e-13
  GtE: 2.344332231404959e-13
  Invert: 1.4922231404958676e-14
  IsNot: 1.4922231404958676e-14
  LShift: 3.448357024793389e-13
  Lt: 2.344332231404959e-13
  LtE: 2.344332231404959e-13
  Mod: 2.344332231404959e-13
  Mult: 8.236534607662467e-12
  Not: 1.4922231404958676e-14
  NotEq: 2.344332231404959e-13
  Or: 1.4922231404958676e-14
  RShift: 3.448357024793389e-13
  Regs: 6.926724728952537e-15
  Sub: 2.344332231404959e-13
  UAdd: 2.344332231404959e-13
  USub: 2.344332231404959e-13
Reff:
  Add: 1959.2837838268374
  And: 2010.4231857730717
  BitAnd: 2010.4231857730717
  BitOr: 2010.4231857730717
  BitXor: 2010.4231857730717
  Eq: 2004.8352946899886
  FloorDiv: 46.949583638200764
  Gt: 2004.8352946899886
  GtE: 2004.8352946899886
  Invert: 2010.4231857730717
  IsNot: 2010.4231857730717
  LShift: 1014.976110314362
  Lt: 2004.8352946899886
  LtE: 2004.8352946899886
  Mod: 2004.8352946899886
  Mult: 41.05903324391675
  Not: 2009.6486746939022
  NotEq: 2004.8352946899886
  Or: 2010.4231857730717
  RShift: 1014.976110314362
  Regs: 125345.29922882162
  Sub: 2004.8352946899886
  UAdd: 2004.8352946899886
  USub: 2004.8352946899886
other:
  MemPpass: 8.44779172824803e-08
  MemReadL: 1.924987940643547e-09
  MemReadPact: 5.403257931790931e-12
  MemWriteL: 1.924987940643547e-09
  MemWritePact: 5.403257931790931e-12
  V_dd: 0.8436789058200722
  f: 1760205022.42052
