V_dd: 0.7098482895248059
area:
  Add: 379348800.0
  And: 50369960.0
  BitAnd: 50369960.0
  BitOr: 50369960.0
  BitXor: 50369960.0
  Buf: 0.0
  Eq: 379348800.0
  FloorDiv: 8340007000.0
  Gt: 379348800.0
  GtE: 379348800.0
  Invert: 50369960.0
  IsNot: 50369960.0
  LShift: 24964610.0
  Lt: 379348800.0
  LtE: 379348800.0
  MainMem: 5981433.0
  Mod: 379348800.0
  Mult: 8340007000.0
  Not: 50369960.0
  NotEq: 379348800.0
  Or: 50369960.0
  RShift: 24964610.0
  Regs: 5981433.0
  Sub: 379348800.0
  UAdd: 379348800.0
  USub: 379348800.0
dynamic_power:
  Add: 130090.20456090372
  And: 8463.703958880667
  BitAnd: 8463.703958880667
  BitOr: 8463.703958880667
  BitXor: 8463.703958880667
  Buf: 0.0
  Eq: 132967.60685054294
  FloorDiv: 5919581.833222768
  Gt: 132967.60685054294
  GtE: 132967.60685054294
  Invert: 8463.703958880667
  IsNot: 8463.703958880667
  LShift: 195586.51927002866
  Lt: 132967.60685054294
  LtE: 132967.60685054294
  MainMem: 0.0018824901031482906
  Mod: 132967.60685054294
  Mult: 4128004.314909216
  Not: 8463.703958880667
  NotEq: 132967.60685054294
  Or: 8463.703958880667
  RShift: 195586.51927002866
  Regs: 4182.785913054707
  Sub: 132967.60685054294
  UAdd: 132967.60685054294
  USub: 132967.60685054294
f: 2251259762.5587435
latency:
  Add: 1.0225869740834757
  And: 0.0675377928767623
  BitAnd: 0.0675377928767623
  BitOr: 0.0675377928767623
  BitXor: 0.0675377928767623
  Buf: 0.0
  Eq: 1.0580920884026093
  FloorDiv: 1.1031172836537841
  Gt: 1.0580920884026093
  GtE: 1.0580920884026093
  Invert: 0.0675377928767623
  IsNot: 0.0675377928767623
  LShift: 0.7879409168955602
  Lt: 1.0580920884026093
  LtE: 1.0580920884026093
  MainMem: 4.502519524092015
  Mod: 1.0580920884026093
  Mult: 0.627711512776141
  Not: 0.06753779052648343
  NotEq: 1.0580920884026093
  Or: 0.0675377928767623
  RShift: 0.7879409168955602
  Regs: 2.2174806974616517
  Sub: 1.0580920884026093
  UAdd: 1.0580920884026093
  USub: 1.0580920884026093
leakage_power:
  Add: 1360.0591085219237
  And: 254.50891081921384
  BitAnd: 254.50891081921384
  BitOr: 254.50891081921384
  BitXor: 254.50891081921384
  Buf: 0.0
  Eq: 1360.0591085219237
  FloorDiv: 45241.38396773902
  Gt: 1360.0591085219237
  GtE: 1360.0591085219237
  Invert: 254.50891081921384
  IsNot: 254.50891081921384
  LShift: 707.052552838306
  Lt: 1360.0591085219237
  LtE: 1360.0591085219237
  MainMem: 84.47307005192737
  Mod: 1360.0591085219237
  Mult: 45241.38396773902
  Not: 254.50891081921384
  NotEq: 1360.0591085219237
  Or: 254.50891081921384
  RShift: 707.052552838306
  Regs: 30.796561283837917
  Sub: 1360.0591085219237
  UAdd: 1360.0591085219237
  USub: 1360.0591085219237
