V_dd: 0.572374566634158
area:
  Add: 379348800.0
  And: 50369960.0
  BitAnd: 50369960.0
  BitOr: 50369960.0
  BitXor: 50369960.0
  Buf: 0.0
  Eq: 379348800.0
  FloorDiv: 8340007000.0
  Gt: 379348800.0
  GtE: 379348800.0
  Invert: 50369960.0
  IsNot: 50369960.0
  LShift: 24964610.0
  Lt: 379348800.0
  LtE: 379348800.0
  MainMem: 5981433.0
  Mod: 379348800.0
  Mult: 8340007000.0
  Not: 50369960.0
  NotEq: 379348800.0
  Or: 50369960.0
  RShift: 24964610.0
  Regs: 5981433.0
  Sub: 379348800.0
  UAdd: 379348800.0
  USub: 379348800.0
dynamic_power:
  Add: 181034.22093529656
  And: 12221.77921931372
  BitAnd: 12221.77921931372
  BitOr: 12221.77921931372
  BitXor: 12221.77921931372
  Buf: 0.0
  Eq: 192008.22029493144
  FloorDiv: 8548009.546151128
  Gt: 192008.22029493144
  GtE: 192008.22029493144
  Invert: 12221.77921931372
  IsNot: 12221.77921931372
  LShift: 282431.3407469977
  Lt: 192008.22029493144
  LtE: 192008.22029493144
  MainMem: 0.0011244628680135483
  Mod: 192008.22029493144
  Mult: 4826558.249942456
  Not: 12221.77921931372
  NotEq: 192008.22029493144
  Or: 12221.77921931372
  RShift: 282431.3407469977
  Regs: 5984.17147919244
  Sub: 192008.22029493144
  UAdd: 192008.22029493144
  USub: 192008.22029493144
f: 4999999994.746805
latency:
  Add: 2.14981224443122
  And: 0.14999999984240414
  BitAnd: 0.14999999984240414
  BitOr: 0.14999999984240414
  BitXor: 0.14999999984240414
  Buf: 0.0
  Eq: 2.349999997530998
  FloorDiv: 2.4499999974259343
  Gt: 2.349999997530998
  GtE: 2.349999997530998
  Invert: 0.14999999984240414
  IsNot: 0.14999999984240414
  LShift: 1.7499999981613816
  Lt: 2.349999997530998
  LtE: 2.349999997530998
  MainMem: 9.999999988850147
  Mod: 2.349999997530998
  Mult: 0.980712236705345
  Not: 0.1499993708100689
  NotEq: 2.349999997530998
  Or: 0.14999999984240414
  RShift: 1.7499999981613816
  Regs: 4.863416728212947
  Sub: 2.349999997530998
  UAdd: 2.349999997530998
  USub: 2.349999997530998
leakage_power:
  Add: 884.2787008625278
  And: 165.47575587485838
  BitAnd: 165.47575587485838
  BitOr: 165.47575587485838
  BitXor: 165.47575587485838
  Buf: 0.0
  Eq: 884.2787008625278
  FloorDiv: 29414.892330446222
  Gt: 884.2787008625278
  GtE: 884.2787008625278
  Invert: 165.47575587485838
  IsNot: 165.47575587485838
  LShift: 459.70907363348067
  Lt: 884.2787008625278
  LtE: 884.2787008625278
  MainMem: 61.84594078093386
  Mod: 884.2787008625278
  Mult: 29414.892330446222
  Not: 165.47575587485838
  NotEq: 884.2787008625278
  Or: 165.47575587485838
  RShift: 459.70907363348067
  Regs: 20.023205633100197
  Sub: 884.2787008625278
  UAdd: 884.2787008625278
  USub: 884.2787008625278
