V_dd: 0.5158039629700969
area:
  Add: 379348800.0
  And: 50369960.0
  BitAnd: 50369960.0
  BitOr: 50369960.0
  BitXor: 50369960.0
  Buf: 0.0
  Eq: 379348800.0
  FloorDiv: 8340007000.0
  Gt: 379348800.0
  GtE: 379348800.0
  Invert: 50369960.0
  IsNot: 50369960.0
  LShift: 24964610.0
  Lt: 379348800.0
  LtE: 379348800.0
  MainMem: 5981433.0
  Mod: 379348800.0
  Mult: 8340007000.0
  Not: 50369960.0
  NotEq: 379348800.0
  Or: 50369960.0
  RShift: 24964610.0
  Regs: 5981433.0
  Sub: 379348800.0
  UAdd: 379348800.0
  USub: 379348800.0
dynamic_power:
  Add: 150411.90196562393
  And: 9925.288239023033
  BitAnd: 9925.288239023033
  BitOr: 9925.288239023033
  BitXor: 9925.288239023033
  Buf: 0.0
  Eq: 155929.58246843846
  FloorDiv: 6941825.49799279
  Gt: 155929.58246843846
  GtE: 155929.58246843846
  Invert: 9925.288239023033
  IsNot: 9925.288239023033
  LShift: 229362.06049425664
  Lt: 155929.58246843846
  LtE: 155929.58246843846
  MainMem: 1.4999588244103621e-12
  Mod: 155929.58246843846
  Mult: 4382744.41540985
  Not: 9925.288239023033
  NotEq: 155929.58246843846
  Or: 9925.288239023033
  RShift: 229362.06049425664
  Regs: 4890.046902283462
  Sub: 155929.58246843846
  UAdd: 155929.58246843846
  USub: 155929.58246843846
f: 4999999996.250984
latency:
  Add: 2.224483283414554
  And: 0.14999999988752952
  BitAnd: 0.14999999988752952
  BitOr: 0.14999999988752952
  BitXor: 0.14999999988752952
  Buf: 0.0
  Eq: 2.349999998237962
  FloorDiv: 2.449999998162982
  Gt: 2.349999998237962
  GtE: 2.349999998237962
  Invert: 0.14999999988752952
  IsNot: 0.14999999988752952
  LShift: 1.7499999986878443
  Lt: 2.349999998237962
  LtE: 2.349999998237962
  MainMem: 1.9999999995512315e-09
  Mod: 2.349999998237962
  Mult: 1.1830343151666651
  Not: 0.14999999904821126
  NotEq: 2.349999998237962
  Or: 0.14999999988752952
  RShift: 1.7499999986878443
  Regs: 4.905152225624146
  Sub: 2.349999998237962
  UAdd: 2.349999998237962
  USub: 2.349999998237962
leakage_power:
  Add: 7071.908912157018
  And: 1323.3717736002066
  BitAnd: 1323.3717736002066
  BitOr: 1323.3717736002066
  BitXor: 1323.3717736002066
  Buf: 0.0
  Eq: 7071.908912157018
  FloorDiv: 235241.94240901544
  Gt: 7071.908912157018
  GtE: 7071.908912157018
  Invert: 1323.3717736002066
  IsNot: 1323.3717736002066
  LShift: 3676.466131839435
  Lt: 7071.908912157018
  LtE: 7071.908912157018
  MainMem: 6.669191755407158e-08
  Mod: 7071.908912157018
  Mult: 235241.94240901544
  Not: 1323.3717736002066
  NotEq: 7071.908912157018
  Or: 1323.3717736002066
  RShift: 3676.466131839435
  Regs: 160.1330963061246
  Sub: 7071.908912157018
  UAdd: 7071.908912157018
  USub: 7071.908912157018
