V_dd: 0.8896089386555451
area:
  Add: 379348800.0
  And: 50369960.0
  BitAnd: 50369960.0
  BitOr: 50369960.0
  BitXor: 50369960.0
  Buf: 0.0
  Eq: 379348800.0
  FloorDiv: 8340007000.0
  Gt: 379348800.0
  GtE: 379348800.0
  Invert: 50369960.0
  IsNot: 50369960.0
  LShift: 24964610.0
  Lt: 379348800.0
  LtE: 379348800.0
  MainMem: 5981433.0
  Mod: 379348800.0
  Mult: 8340007000.0
  Not: 50369960.0
  NotEq: 379348800.0
  Or: 50369960.0
  RShift: 24964610.0
  Regs: 5981433.0
  Sub: 379348800.0
  UAdd: 379348800.0
  USub: 379348800.0
dynamic_power:
  Add: 352601.9545448598
  And: 23111.297199466866
  BitAnd: 23111.297199466866
  BitOr: 23111.297199466866
  BitXor: 23111.297199466866
  Buf: 0.0
  Eq: 363086.1729987988
  FloorDiv: 16164224.990481522
  Gt: 363086.1729987988
  GtE: 363086.1729987988
  Invert: 23111.297199466866
  IsNot: 23111.297199466866
  LShift: 534075.6478510731
  Lt: 363086.1729987988
  LtE: 363086.1729987988
  MainMem: 2.3034571586096793e-11
  Mod: 363086.1729987988
  Mult: 15166577.388628393
  Not: 23111.297199466866
  NotEq: 363086.1729987988
  Or: 23111.297199466866
  RShift: 534075.6478510731
  Regs: 10470.789804434298
  Sub: 363086.1729987988
  UAdd: 363086.1729987988
  USub: 363086.1729987988
f: 1957006535.2696583
latency:
  Add: 0.867888510911229
  And: 0.05871019605808975
  BitAnd: 0.05871019605808975
  BitOr: 0.05871019605808975
  BitXor: 0.05871019605808975
  Buf: 0.0
  Eq: 0.9197930715767393
  FloorDiv: 0.9589332022821325
  Gt: 0.9197930715767393
  GtE: 0.9197930715767393
  Invert: 0.05871019605808975
  IsNot: 0.05871019605808975
  LShift: 0.6849522873443804
  Lt: 0.9197930715767393
  LtE: 0.9197930715767393
  MainMem: 1.8880890260476225e-09
  Mod: 0.9197930715767393
  Mult: 0.8600129820030762
  Not: 0.058710195842464556
  NotEq: 0.9197930715767393
  Or: 0.05871019605808975
  RShift: 0.6849522873443804
  Regs: 1.6171283349130618
  Sub: 0.9197930715767393
  UAdd: 0.9197930715767393
  USub: 0.9197930715767393
leakage_power:
  Add: 2632.6282416604204
  And: 3149.4600754257362
  BitAnd: 999.3328945398141
  BitOr: 999.3328945398141
  BitXor: 1299.1327630890723
  Buf: 0.0
  Eq: 2946.481228224005
  FloorDiv: 1016997.0556491339
  Gt: 3766.2464935799353
  GtE: 3831.827714471149
  Invert: 399.73315785339895
  IsNot: 399.73315785339895
  LShift: 3275.623884531607
  Lt: 4782.755422546343
  LtE: 3766.2464935799353
  MainMem: 8.358807235605937e-08
  Mod: 3246.2810968951053
  Mult: 396017.84081915254
  Not: 399.73315785339895
  NotEq: 4782.755422546343
  Or: 3149.4600754257362
  RShift: 3275.623884531607
  Regs: 112.7282188219655
  Sub: 2932.4281093946856
  UAdd: 2632.6282416604204
  USub: 2932.4281093946856
