V_dd: 0.8656610607945368
area:
  Add: 379348800.0
  And: 50369960.0
  BitAnd: 50369960.0
  BitOr: 50369960.0
  BitXor: 50369960.0
  Buf: 0.0
  Eq: 379348800.0
  FloorDiv: 8340007000.0
  Gt: 379348800.0
  GtE: 379348800.0
  Invert: 50369960.0
  IsNot: 50369960.0
  LShift: 24964610.0
  Lt: 379348800.0
  LtE: 379348800.0
  MainMem: 5981433.0
  Mod: 379348800.0
  Mult: 8340007000.0
  Not: 50369960.0
  NotEq: 379348800.0
  Or: 50369960.0
  RShift: 24964610.0
  Regs: 5981433.0
  Sub: 379348800.0
  UAdd: 379348800.0
  USub: 379348800.0
dynamic_power:
  Add: 184283.77798659017
  And: 11855.269637596994
  BitAnd: 11855.269637596994
  BitOr: 11855.269637596994
  BitXor: 11855.269637596994
  Buf: 0.0
  Eq: 186250.23275124707
  FloorDiv: 8291669.831036689
  Gt: 186250.23275124707
  GtE: 186250.23275124707
  Invert: 11855.269637596994
  IsNot: 11855.269637596994
  LShift: 273961.7234594184
  Lt: 186250.23275124707
  LtE: 186250.23275124707
  MainMem: 0.002470225335378643
  Mod: 186250.23275124707
  Mult: 6764131.009391446
  Not: 11855.269637596994
  NotEq: 186250.23275124707
  Or: 11855.269637596994
  RShift: 273961.7234594184
  Regs: 5889.111938162073
  Sub: 186250.23275124707
  UAdd: 186250.23275124707
  USub: 186250.23275124707
f: 2120371197.4047768
latency:
  Add: 0.9806579140222041
  And: 0.0636111359221433
  BitAnd: 0.0636111359221433
  BitOr: 0.0636111359221433
  BitXor: 0.0636111359221433
  Buf: 0.0
  Eq: 0.996574462780245
  FloorDiv: 1.0389818867283405
  Gt: 0.996574462780245
  GtE: 0.996574462780245
  Invert: 0.0636111359221433
  IsNot: 0.0636111359221433
  LShift: 0.7421299190916718
  Lt: 0.996574462780245
  LtE: 0.996574462780245
  MainMem: 4.240742394809523
  Mod: 0.996574462780245
  Mult: 0.7545877856464321
  Not: 0.06361113484109927
  NotEq: 0.996574462780245
  Or: 0.0636111359221433
  RShift: 0.7421299190916718
  Regs: 2.108336318123085
  Sub: 0.996574462780245
  UAdd: 0.996574462780245
  USub: 0.996574462780245
leakage_power:
  Add: 2022.6580172546421
  And: 378.501556076253
  BitAnd: 378.501556076253
  BitOr: 378.501556076253
  BitXor: 378.501556076253
  Buf: 0.0
  Eq: 2022.6580172546421
  FloorDiv: 67282.2581170691
  Gt: 2022.6580172546421
  GtE: 2022.6580172546421
  Invert: 378.501556076253
  IsNot: 378.501556076253
  LShift: 1051.5171772004703
  Lt: 2022.6580172546421
  LtE: 2022.6580172546421
  MainMem: 84.47725206915867
  Mod: 2022.6580172546421
  Mult: 67282.2581170691
  Not: 378.501556076253
  NotEq: 2022.6580172546421
  Or: 378.501556076253
  RShift: 1051.5171772004703
  Regs: 45.80015029811815
  Sub: 2022.6580172546421
  UAdd: 2022.6580172546421
  USub: 2022.6580172546421
