V_dd: 0.8896089256332994
area:
  Add: 379348800.0
  And: 50369960.0
  BitAnd: 50369960.0
  BitOr: 50369960.0
  BitXor: 50369960.0
  Buf: 0.0
  Eq: 379348800.0
  FloorDiv: 8340007000.0
  Gt: 379348800.0
  GtE: 379348800.0
  Invert: 50369960.0
  IsNot: 50369960.0
  LShift: 24964610.0
  Lt: 379348800.0
  LtE: 379348800.0
  MainMem: 5981433.0
  Mod: 379348800.0
  Mult: 8340007000.0
  Not: 50369960.0
  NotEq: 379348800.0
  Or: 50369960.0
  RShift: 24964610.0
  Regs: 5981433.0
  Sub: 379348800.0
  UAdd: 379348800.0
  USub: 379348800.0
dynamic_power:
  Add: 352601.97240287036
  And: 23111.29648861532
  BitAnd: 23111.29648861532
  BitOr: 23111.29648861532
  BitXor: 23111.29648861532
  Buf: 0.0
  Eq: 363086.16183108435
  FloorDiv: 16164224.493306303
  Gt: 363086.16183108435
  GtE: 363086.16183108435
  Invert: 23111.29648861532
  IsNot: 23111.29648861532
  LShift: 534075.6314241069
  Lt: 363086.16183108435
  LtE: 363086.16183108435
  MainMem: 1.755014760035185e-11
  Mod: 363086.16183108435
  Mult: 15166576.869160045
  Not: 23111.29648861532
  NotEq: 363086.16183108435
  Or: 23111.29648861532
  RShift: 534075.6314241069
  Regs: 10470.789430089857
  Sub: 363086.16183108435
  UAdd: 363086.16183108435
  USub: 363086.16183108435
f: 1957006532.37052
latency:
  Add: 0.8678886660426894
  And: 0.058710195971115604
  BitAnd: 0.058710195971115604
  BitOr: 0.058710195971115604
  BitXor: 0.058710195971115604
  Buf: 0.0
  Eq: 0.9197930702141444
  FloorDiv: 0.9589332008615548
  Gt: 0.9197930702141444
  GtE: 0.9197930702141444
  Invert: 0.058710195971115604
  IsNot: 0.058710195971115604
  LShift: 0.684952286329682
  Lt: 0.9197930702141444
  LtE: 0.9197930702141444
  MainMem: 1.8880890190360914e-09
  Mod: 0.9197930702141444
  Mult: 0.8600129754758533
  Not: 0.0587101957554906
  NotEq: 0.9197930702141444
  Or: 0.058710195971115604
  RShift: 0.684952286329682
  Regs: 1.6171283163718784
  Sub: 0.9197930702141444
  UAdd: 0.9197930702141444
  USub: 0.9197930702141444
leakage_power:
  Add: 2632.6281645867
  And: 3149.459983221071
  BitAnd: 999.3328652830041
  BitOr: 999.3328652830041
  BitXor: 1299.1327250552195
  Buf: 0.0
  Eq: 2946.481141961818
  FloorDiv: 1016997.0258751818
  Gt: 3766.246383318021
  GtE: 3831.827602289257
  Invert: 399.73314615067494
  IsNot: 399.73314615067494
  LShift: 3275.6237886333274
  Lt: 4782.755282524766
  LtE: 3766.246383318021
  MainMem: 8.358807222185426e-08
  Mod: 3246.2810018558744
  Mult: 396017.8292251994
  Not: 399.73314615067494
  NotEq: 4782.755282524766
  Or: 3149.459983221071
  RShift: 3275.6237886333274
  Regs: 112.72821552169579
  Sub: 2932.4280235439223
  UAdd: 2632.6281645867
  USub: 2932.4280235439223
