V_dd: 0.5864321373106823
area:
  Add: 379348800.0
  And: 50369960.0
  BitAnd: 50369960.0
  BitOr: 50369960.0
  BitXor: 50369960.0
  Buf: 0.0
  Eq: 379348800.0
  FloorDiv: 8340007000.0
  Gt: 379348800.0
  GtE: 379348800.0
  Invert: 50369960.0
  IsNot: 50369960.0
  LShift: 24964610.0
  Lt: 379348800.0
  LtE: 379348800.0
  MainMem: 5981433.0
  Mod: 379348800.0
  Mult: 8340007000.0
  Not: 50369960.0
  NotEq: 379348800.0
  Or: 50369960.0
  RShift: 24964610.0
  Regs: 5981433.0
  Sub: 379348800.0
  UAdd: 379348800.0
  USub: 379348800.0
dynamic_power:
  Add: 196485.883427469
  And: 12829.487339542033
  BitAnd: 12829.487339542033
  BitOr: 12829.487339542033
  BitXor: 12829.487339542033
  Buf: 0.0
  Eq: 201555.5171761762
  FloorDiv: 8973045.436570108
  Gt: 201555.5171761762
  GtE: 201555.5171761762
  Invert: 12829.487339542033
  IsNot: 12829.487339542033
  LShift: 296474.78042128735
  Lt: 201555.5171761762
  LtE: 201555.5171761762
  MainMem: 2.3044543578887282e-12
  Mod: 201555.5171761762
  Mult: 6005778.891013023
  Not: 12829.487339542033
  NotEq: 201555.5171761762
  Or: 12829.487339542033
  RShift: 296474.78042128735
  Regs: 6341.544219600328
  Sub: 201555.5171761762
  UAdd: 201555.5171761762
  USub: 201555.5171761762
f: 4999999987.145444
latency:
  Add: 2.2603377101243387
  And: 0.1499999996143633
  BitAnd: 0.1499999996143633
  BitOr: 0.1499999996143633
  BitXor: 0.1499999996143633
  Buf: 0.0
  Eq: 2.3499999939583582
  FloorDiv: 2.4499999937012675
  Gt: 2.3499999939583582
  GtE: 2.3499999939583582
  Invert: 0.1499999996143633
  IsNot: 0.1499999996143633
  LShift: 1.7499999955009053
  Lt: 2.3499999939583582
  LtE: 2.3499999939583582
  MainMem: 2.0000000000595067e-09
  Mod: 2.3499999939583582
  Mult: 1.3011637341015945
  Not: 0.14999999831565775
  NotEq: 2.3499999939583582
  Or: 0.1499999996143633
  RShift: 1.7499999955009053
  Regs: 4.9327382631712124
  Sub: 2.3499999939583582
  UAdd: 2.3499999939583582
  USub: 2.3499999939583582
leakage_power:
  Add: 9141.192085615012
  And: 1710.5983311471582
  BitAnd: 1710.5983311471582
  BitOr: 1710.5983311471582
  BitXor: 1710.5983311471582
  Buf: 0.0
  Eq: 9141.192085615012
  FloorDiv: 304075.1526730423
  Gt: 9141.192085615012
  GtE: 9141.192085615012
  Invert: 1710.5983311471582
  IsNot: 1710.5983311471582
  LShift: 4752.222281826825
  Lt: 9141.192085615012
  LtE: 9141.192085615012
  MainMem: 8.350687298316306e-08
  Mod: 9141.192085615012
  Mult: 304075.1526730423
  Not: 1710.5983311471582
  NotEq: 9141.192085615012
  Or: 1710.5983311471582
  RShift: 4752.222281826825
  Regs: 206.98900548368255
  Sub: 9141.192085615012
  UAdd: 9141.192085615012
  USub: 9141.192085615012
