V_dd: 0.5916374943382946
area:
  Add: 379348800.0
  And: 50369960.0
  BitAnd: 50369960.0
  BitOr: 50369960.0
  BitXor: 50369960.0
  Buf: 0.0
  Eq: 379348800.0
  FloorDiv: 8340007000.0
  Gt: 379348800.0
  GtE: 379348800.0
  Invert: 50369960.0
  IsNot: 50369960.0
  LShift: 24964610.0
  Lt: 379348800.0
  LtE: 379348800.0
  MainMem: 5981433.0
  Mod: 379348800.0
  Mult: 8340007000.0
  Not: 50369960.0
  NotEq: 379348800.0
  Or: 50369960.0
  RShift: 24964610.0
  Regs: 5981433.0
  Sub: 379348800.0
  UAdd: 379348800.0
  USub: 379348800.0
dynamic_power:
  Add: 94987.64272486178
  And: 6261.207715161367
  BitAnd: 6261.207715161367
  BitOr: 6261.207715161367
  BitXor: 6261.207715161367
  Buf: 0.0
  Eq: 98365.65762742801
  FloorDiv: 4379138.451057682
  Gt: 98365.65762742801
  GtE: 98365.65762742801
  Invert: 6261.207715161367
  IsNot: 6261.207715161367
  LShift: 144689.34988565173
  Lt: 98365.65762742801
  LtE: 98365.65762742801
  MainMem: 0.0018824901019508658
  Mod: 98365.65762742801
  Mult: 2666643.220722897
  Not: 6261.207715161367
  NotEq: 98365.65762742801
  Or: 6261.207715161367
  RShift: 144689.34988565173
  Regs: 3075.866560045164
  Sub: 98365.65762742801
  UAdd: 98365.65762742801
  USub: 98365.65762742801
f: 2397413567.0494475
latency:
  Add: 1.066359994259882
  And: 0.07192240701148342
  BitAnd: 0.07192240701148342
  BitOr: 0.07192240701148342
  BitXor: 0.07192240701148342
  Buf: 0.0
  Eq: 1.1267843765132401
  FloorDiv: 1.1747326478542293
  Gt: 1.1267843765132401
  GtE: 1.1267843765132401
  Invert: 0.07192240701148342
  IsNot: 0.07192240701148342
  LShift: 0.8390947484673066
  Lt: 1.1267843765132401
  LtE: 1.1267843765132401
  MainMem: 4.794827129956928
  Mod: 1.1267843765132401
  Mult: 0.5419006216893989
  Not: 0.07192214166501508
  NotEq: 1.1267843765132401
  Or: 0.07192240701148342
  RShift: 0.8390947484673066
  Regs: 2.3358634612347813
  Sub: 1.1267843765132401
  UAdd: 1.1267843765132401
  USub: 1.1267843765132401
leakage_power:
  Add: 944.7995295000122
  And: 176.80106525434712
  BitAnd: 176.80106525434712
  BitOr: 176.80106525434712
  BitXor: 176.80106525434712
  Buf: 0.0
  Eq: 944.7995295000122
  FloorDiv: 31428.073985036073
  Gt: 944.7995295000122
  GtE: 944.7995295000122
  Invert: 176.80106525434712
  IsNot: 176.80106525434712
  LShift: 491.17197559112253
  Lt: 944.7995295000122
  LtE: 944.7995295000122
  MainMem: 84.46679113358363
  Mod: 944.7995295000122
  Mult: 31428.073985036073
  Not: 176.80106525434712
  NotEq: 944.7995295000122
  Or: 176.80106525434712
  RShift: 491.17197559112253
  Regs: 21.393611813540772
  Sub: 944.7995295000122
  UAdd: 944.7995295000122
  USub: 944.7995295000122
