V_dd: 0.500000001262248
area:
  Add: 379348800.0
  And: 50369960.0
  BitAnd: 50369960.0
  BitOr: 50369960.0
  BitXor: 50369960.0
  Buf: 0.0
  Eq: 379348800.0
  FloorDiv: 8340007000.0
  Gt: 379348800.0
  GtE: 379348800.0
  Invert: 50369960.0
  IsNot: 50369960.0
  LShift: 24964610.0
  Lt: 379348800.0
  LtE: 379348800.0
  MainMem: 5981433.0
  Mod: 379348800.0
  Mult: 8340007000.0
  Not: 50369960.0
  NotEq: 379348800.0
  Or: 50369960.0
  RShift: 24964610.0
  Regs: 5981433.0
  Sub: 379348800.0
  UAdd: 379348800.0
  USub: 379348800.0
dynamic_power:
  Add: 75761.8706685015
  And: 5133.87579506889
  BitAnd: 5133.87579506889
  BitOr: 5133.87579506889
  BitXor: 5133.87579506889
  Buf: 0.0
  Eq: 80654.89786206065
  FloorDiv: 3590673.544131269
  Gt: 80654.89786206065
  GtE: 80654.89786206065
  Invert: 5133.87579506889
  IsNot: 5133.87579506889
  LShift: 118637.99844612839
  Lt: 80654.89786206065
  LtE: 80654.89786206065
  MainMem: 0.0018824900955132686
  Mod: 80654.89786206065
  Mult: 1813499.7931905764
  Not: 5133.87579506889
  NotEq: 80654.89786206065
  Or: 5133.87579506889
  RShift: 118637.99844612839
  Regs: 2497.944175529438
  Sub: 80654.89786206065
  UAdd: 80654.89786206065
  USub: 80654.89786206065
f: 2752336767.7796497
latency:
  Add: 1.1736376765614855
  And: 0.08257010303338949
  BitAnd: 0.08257010303338949
  BitOr: 0.08257010303338949
  BitXor: 0.08257010303338949
  Buf: 0.0
  Eq: 1.2935982808564352
  FloorDiv: 1.3486450162120283
  Gt: 1.2935982808564352
  GtE: 1.2935982808564352
  Invert: 0.08257010303338949
  IsNot: 0.08257010303338949
  LShift: 0.9633178687228774
  Lt: 1.2935982808564352
  LtE: 1.2935982808564352
  MainMem: 5.504673511979672
  Mod: 1.2935982808564352
  Mult: 0.46420868914250973
  Not: 0.08256979772789566
  NotEq: 1.2935982808564352
  Or: 0.08257010303338949
  RShift: 0.9633178687228774
  Regs: 2.6383176103180954
  Sub: 1.2935982808564352
  UAdd: 1.2935982808564352
  USub: 1.2935982808564352
leakage_power:
  Add: 674.7894819329182
  And: 126.27387663000249
  BitAnd: 126.27387663000249
  BitOr: 126.27387663000249
  BitXor: 126.27387663000249
  Buf: 0.0
  Eq: 674.7894819329182
  FloorDiv: 22446.38476242133
  Gt: 674.7894819329182
  GtE: 674.7894819329182
  Invert: 126.27387663000249
  IsNot: 126.27387663000249
  LShift: 350.8021253191121
  Lt: 674.7894819329182
  LtE: 674.7894819329182
  MainMem: 84.44956594408305
  Mod: 674.7894819329182
  Mult: 22446.38476242133
  Not: 126.27387663000249
  NotEq: 674.7894819329182
  Or: 126.27387663000249
  RShift: 350.8021253191121
  Regs: 15.279626821970117
  Sub: 674.7894819329182
  UAdd: 674.7894819329182
  USub: 674.7894819329182
