V_dd: 0.7321108516980098
area:
  Add: 379348800.0
  And: 50369960.0
  BitAnd: 50369960.0
  BitOr: 50369960.0
  BitXor: 50369960.0
  Buf: 0.0
  Eq: 379348800.0
  FloorDiv: 8340007000.0
  Gt: 379348800.0
  GtE: 379348800.0
  Invert: 50369960.0
  IsNot: 50369960.0
  LShift: 24964610.0
  Lt: 379348800.0
  LtE: 379348800.0
  MainMem: 5981433.0
  Mod: 379348800.0
  Mult: 8340007000.0
  Not: 50369960.0
  NotEq: 379348800.0
  Or: 50369960.0
  RShift: 24964610.0
  Regs: 5981433.0
  Sub: 379348800.0
  UAdd: 379348800.0
  USub: 379348800.0
dynamic_power:
  Add: 198274.6818030333
  And: 13198.929937386296
  BitAnd: 13198.929937386296
  BitOr: 13198.929937386296
  BitXor: 13198.929937386296
  Buf: 0.0
  Eq: 207359.58337965622
  FloorDiv: 9231436.526480908
  Gt: 207359.58337965622
  GtE: 207359.58337965622
  Invert: 13198.929937386296
  IsNot: 13198.929937386296
  LShift: 305012.17635733244
  Lt: 207359.58337965622
  LtE: 207359.58337965622
  MainMem: 5.403257925785965e-12
  Mod: 207359.58337965622
  Mult: 6478191.458951976
  Not: 13198.929937386296
  NotEq: 207359.58337965622
  Or: 13198.929937386296
  RShift: 305012.17635733244
  Regs: 5890.5161627965135
  Sub: 207359.58337965622
  UAdd: 207359.58337965622
  USub: 207359.58337965622
f: 1650255787.9066308
latency:
  Add: 0.7146674971422591
  And: 0.04950767363719892
  BitAnd: 0.04950767363719892
  BitOr: 0.04950767363719892
  BitXor: 0.04950767363719892
  Buf: 0.0
  Eq: 0.7756202203161163
  FloorDiv: 0.808625336074249
  Gt: 0.7756202203161163
  GtE: 0.7756202203161163
  Invert: 0.04950767363719892
  IsNot: 0.04950767363719892
  LShift: 0.5775895257673207
  Lt: 0.7756202203161163
  LtE: 0.7756202203161163
  MainMem: 1.8816487650775327e-09
  Mod: 0.7756202203161163
  Mult: 0.4644186743361623
  Not: 0.04948734620633025
  NotEq: 0.7756202203161163
  Or: 0.04950767363719892
  RShift: 0.5775895257673207
  Regs: 1.3253079463881932
  Sub: 0.7756202203161163
  UAdd: 0.7756202203161163
  USub: 0.7756202203161163
leakage_power:
  Add: 1447.300561340158
  And: 270.83447122752955
  BitAnd: 270.83447122752955
  BitOr: 270.83447122752955
  BitXor: 270.83447122752955
  Buf: 0.0
  Eq: 1447.300561340158
  FloorDiv: 48143.407887230685
  Gt: 1447.300561340158
  GtE: 1447.300561340158
  Invert: 270.83447122752955
  IsNot: 270.83447122752955
  LShift: 752.406678656773
  Lt: 1447.300561340158
  LtE: 1447.300561340158
  MainMem: 8.447551279536116e-08
  Mod: 1447.300561340158
  Mult: 48143.407887230685
  Not: 270.83447122752955
  NotEq: 1447.300561340158
  Or: 270.83447122752955
  RShift: 752.406678656773
  Regs: 32.77201715290502
  Sub: 1447.300561340158
  UAdd: 1447.300561340158
  USub: 1447.300561340158
