V_dd: 0.7443926709818006
area:
  Add: 379348800.0
  And: 50369960.0
  BitAnd: 50369960.0
  BitOr: 50369960.0
  BitXor: 50369960.0
  Buf: 0.0
  Eq: 379348800.0
  FloorDiv: 8340007000.0
  Gt: 379348800.0
  GtE: 379348800.0
  Invert: 50369960.0
  IsNot: 50369960.0
  LShift: 24964610.0
  Lt: 379348800.0
  LtE: 379348800.0
  MainMem: 5981433.0
  Mod: 379348800.0
  Mult: 8340007000.0
  Not: 50369960.0
  NotEq: 379348800.0
  Or: 50369960.0
  RShift: 24964610.0
  Regs: 5981433.0
  Sub: 379348800.0
  UAdd: 379348800.0
  USub: 379348800.0
dynamic_power:
  Add: 319565.3000232527
  And: 20671.783736420963
  BitAnd: 20671.783736420963
  BitOr: 20671.783736420963
  BitXor: 20671.783736420963
  Buf: 0.0
  Eq: 324760.6043545248
  FloorDiv: 14458009.880890341
  Gt: 324760.6043545248
  GtE: 324760.6043545248
  Invert: 20671.783736420963
  IsNot: 20671.783736420963
  LShift: 477701.281584531
  Lt: 324760.6043545248
  LtE: 324760.6043545248
  MainMem: 2.304454357820166e-12
  Mod: 324760.6043545248
  Mult: 11069520.07325819
  Not: 20671.783736420963
  NotEq: 324760.6043545248
  Or: 20671.783736420963
  RShift: 477701.281584531
  Regs: 10256.424157563162
  Sub: 324760.6043545248
  UAdd: 324760.6043545248
  USub: 324760.6043545248
f: 4999999960.192885
latency:
  Add: 2.2936129557937024
  And: 0.14999999880578657
  BitAnd: 0.14999999880578657
  BitOr: 0.14999999880578657
  BitXor: 0.14999999880578657
  Buf: 0.0
  Eq: 2.349999981290656
  FloorDiv: 2.4499999804945136
  Gt: 2.349999981290656
  GtE: 2.349999981290656
  Invert: 0.14999999880578657
  IsNot: 0.14999999880578657
  LShift: 1.7499999860675097
  Lt: 2.349999981290656
  LtE: 2.349999981290656
  MainMem: 2.0000000000000026e-09
  Mod: 2.349999981290656
  Mult: 1.602218683868968
  Not: 0.14999999832725433
  NotEq: 2.349999981290656
  Or: 0.14999999880578657
  RShift: 1.7499999860675097
  Regs: 4.965811555800829
  Sub: 2.349999981290656
  UAdd: 2.349999981290656
  USub: 2.349999981290656
leakage_power:
  Add: 14728.93973634435
  And: 2756.237862259361
  BitAnd: 2756.237862259361
  BitOr: 2756.237862259361
  BitXor: 2756.237862259361
  Buf: 0.0
  Eq: 14728.93973634435
  FloorDiv: 489947.5426283666
  Gt: 14728.93973634435
  GtE: 14728.93973634435
  Invert: 2756.237862259361
  IsNot: 2756.237862259361
  LShift: 7657.119000145254
  Lt: 14728.93973634435
  LtE: 14728.93973634435
  MainMem: 8.397435946484841e-08
  Mod: 14728.93973634435
  Mult: 489947.5426283666
  Not: 2756.237862259361
  NotEq: 14728.93973634435
  Or: 2756.237862259361
  RShift: 7657.119000145254
  Regs: 333.5154276708205
  Sub: 14728.93973634435
  UAdd: 14728.93973634435
  USub: 14728.93973634435
