V_dd: 1.0999323855607948
area:
  Add: 379348800.0
  And: 50369960.0
  BitAnd: 50369960.0
  BitOr: 50369960.0
  BitXor: 50369960.0
  Buf: 0.0
  Eq: 379348800.0
  FloorDiv: 8340007000.0
  Gt: 379348800.0
  GtE: 379348800.0
  Invert: 50369960.0
  IsNot: 50369960.0
  LShift: 24964610.0
  Lt: 379348800.0
  LtE: 379348800.0
  MainMem: 5981433.0
  Mod: 379348800.0
  Mult: 8340007000.0
  Not: 50369960.0
  NotEq: 379348800.0
  Or: 50369960.0
  RShift: 24964610.0
  Regs: 5981433.0
  Sub: 379348800.0
  UAdd: 379348800.0
  USub: 379348800.0
dynamic_power:
  Add: 279454.4499698771
  And: 18053.82018554725
  BitAnd: 18053.82018554725
  BitOr: 18053.82018554725
  BitXor: 18053.82018554725
  Buf: 0.0
  Eq: 283631.5254225552
  FloorDiv: 12626985.361237729
  Gt: 283631.5254225552
  GtE: 283631.5254225552
  Invert: 18053.82018554725
  IsNot: 18053.82018554725
  LShift: 417203.1378665043
  Lt: 283631.5254225552
  LtE: 283631.5254225552
  MainMem: 100845.88562363334
  Mod: 283631.5254225552
  Mult: 12626350.353482608
  Not: 18053.82018554725
  NotEq: 283631.5254225552
  Or: 18053.82018554725
  RShift: 417203.1378665043
  Regs: 8865.927556982762
  Sub: 283631.5254225552
  UAdd: 283631.5254225552
  USub: 283631.5254225552
f: 2000015489.9834511
latency:
  Add: 0.9125230827271417
  And: 0.060000464699503535
  BitAnd: 0.060000464699503535
  BitOr: 0.060000464699503535
  BitXor: 0.060000464699503535
  Buf: 0.0
  Eq: 0.9400072802922219
  FloorDiv: 0.980007590091891
  Gt: 0.9400072802922219
  GtE: 0.9400072802922219
  Invert: 0.060000464699503535
  IsNot: 0.060000464699503535
  LShift: 0.7000054214942079
  Lt: 0.9400072802922219
  LtE: 0.9400072802922219
  MainMem: 4.000030672001498
  Mod: 0.9400072802922219
  Mult: 0.9799344736350176
  Not: 0.05911904121832597
  NotEq: 0.9400072802922219
  Or: 0.060000464699503535
  RShift: 0.7000054214942079
  Regs: 1.941536274791559
  Sub: 0.9400072802922219
  UAdd: 0.9400072802922219
  USub: 0.9400072802922219
leakage_power:
  Add: 3314.254832771115
  And: 620.1990651587149
  BitAnd: 620.1990651587149
  BitOr: 620.1990651587149
  BitXor: 620.1990651587149
  Buf: 0.0
  Eq: 3314.254832771115
  FloorDiv: 110246.29335359193
  Gt: 3314.254832771115
  GtE: 3314.254832771115
  Invert: 620.1990651587149
  IsNot: 620.1990651587149
  LShift: 1722.9783070341725
  Lt: 3314.254832771115
  LtE: 3314.254832771115
  MainMem: 84.48000014133214
  Mod: 3314.254832771115
  Mult: 110246.29335359193
  Not: 620.1990651587149
  NotEq: 3314.254832771115
  Or: 620.1990651587149
  RShift: 1722.9783070341725
  Regs: 75.04648248605612
  Sub: 3314.254832771115
  UAdd: 3314.254832771115
  USub: 3314.254832771115
