V_dd: 0.5000000001148786
area:
  Add: 379348800.0
  And: 50369960.0
  BitAnd: 50369960.0
  BitOr: 50369960.0
  BitXor: 50369960.0
  Buf: 0.0
  Eq: 379348800.0
  FloorDiv: 8340007000.0
  Gt: 379348800.0
  GtE: 379348800.0
  Invert: 50369960.0
  IsNot: 50369960.0
  LShift: 24964610.0
  Lt: 379348800.0
  LtE: 379348800.0
  MainMem: 5981433.0
  Mod: 379348800.0
  Mult: 8340007000.0
  Not: 50369960.0
  NotEq: 379348800.0
  Or: 50369960.0
  RShift: 24964610.0
  Regs: 5981433.0
  Sub: 379348800.0
  UAdd: 379348800.0
  USub: 379348800.0
dynamic_power:
  Add: 106887.39462262347
  And: 9326.394631376686
  BitAnd: 9326.394631376686
  BitOr: 9326.394631376686
  BitXor: 9326.394631376686
  Buf: 0.0
  Eq: 146520.76451430083
  FloorDiv: 6522954.547746865
  Gt: 146520.76451430083
  GtE: 146520.76451430083
  Invert: 9326.394631376686
  IsNot: 9326.394631376686
  LShift: 215522.31412532643
  Lt: 146520.76451430083
  LtE: 146520.76451430083
  MainMem: 0.0011244628515033647
  Mod: 146520.76451430083
  Mult: 1790940.3757558984
  Not: 9326.394631376686
  NotEq: 146520.76451430083
  Or: 9326.394631376686
  RShift: 215522.31412532643
  Regs: 4070.034124034401
  Sub: 146520.76451430083
  UAdd: 146520.76451430083
  USub: 146520.76451430083
f: 4999999999.459547
latency:
  Add: 1.4430008010104822
  And: 0.1499999999837864
  BitAnd: 0.1499999999837864
  BitOr: 0.1499999999837864
  BitXor: 0.1499999999837864
  Buf: 0.0
  Eq: 2.349999999745987
  FloorDiv: 2.449999999735178
  Gt: 2.349999999745987
  GtE: 2.349999999745987
  Invert: 0.1499999999837864
  IsNot: 0.1499999999837864
  LShift: 1.7499999998108413
  Lt: 2.349999999745987
  LtE: 2.349999999745987
  MainMem: 9.999999851449207
  Mod: 2.349999999745987
  Mult: 0.3051637526256932
  Not: 0.14999936999010974
  NotEq: 2.349999999745987
  Or: 0.1499999999837864
  RShift: 1.7499999998108413
  Regs: 4.0793093003488785
  Sub: 2.349999999745987
  UAdd: 2.349999999745987
  USub: 2.349999999745987
leakage_power:
  Add: 674.7898178699378
  And: 126.27393949415632
  BitAnd: 126.27393949415632
  BitOr: 126.27393949415632
  BitXor: 126.27393949415632
  Buf: 0.0
  Eq: 674.7898178699378
  FloorDiv: 22446.395937123663
  Gt: 674.7898178699378
  GtE: 674.7898178699378
  Invert: 126.27393949415632
  IsNot: 126.27393949415632
  LShift: 350.8022999623507
  Lt: 674.7898178699378
  LtE: 674.7898178699378
  MainMem: 22.626137492075124
  Mod: 674.7898178699378
  Mult: 22446.395937123663
  Not: 126.27393949415632
  NotEq: 674.7898178699378
  Or: 126.27393949415632
  RShift: 350.8022999623507
  Regs: 15.27963442877555
  Sub: 674.7898178699378
  UAdd: 674.7898178699378
  USub: 674.7898178699378
