V_dd: 0.8656610607945369
area:
  Add: 379348800.0
  And: 50369960.0
  BitAnd: 50369960.0
  BitOr: 50369960.0
  BitXor: 50369960.0
  Buf: 0.0
  Eq: 379348800.0
  FloorDiv: 8340007000.0
  Gt: 379348800.0
  GtE: 379348800.0
  Invert: 50369960.0
  IsNot: 50369960.0
  LShift: 24964610.0
  Lt: 379348800.0
  LtE: 379348800.0
  MainMem: 5981433.0
  Mod: 379348800.0
  Mult: 8340007000.0
  Not: 50369960.0
  NotEq: 379348800.0
  Or: 50369960.0
  RShift: 24964610.0
  Regs: 5981433.0
  Sub: 379348800.0
  UAdd: 379348800.0
  USub: 379348800.0
dynamic_power:
  Add: 184283.77798659014
  And: 11855.269637596994
  BitAnd: 11855.269637596994
  BitOr: 11855.269637596994
  BitXor: 11855.269637596994
  Buf: 0.0
  Eq: 186250.23275124707
  FloorDiv: 8291669.831036691
  Gt: 186250.23275124707
  GtE: 186250.23275124707
  Invert: 11855.269637596994
  IsNot: 11855.269637596994
  LShift: 273961.7234594184
  Lt: 186250.23275124707
  LtE: 186250.23275124707
  MainMem: 2.4702253353786446e-12
  Mod: 186250.23275124707
  Mult: 6764131.009391448
  Not: 11855.269637596994
  NotEq: 186250.23275124707
  Or: 11855.269637596994
  RShift: 273961.7234594184
  Regs: 5889.111938162074
  Sub: 186250.23275124707
  UAdd: 186250.23275124707
  USub: 186250.23275124707
f: 2120371197.4047763
latency:
  Add: 0.9806579140222039
  And: 0.06361113592214329
  BitAnd: 0.06361113592214329
  BitOr: 0.06361113592214329
  BitXor: 0.06361113592214329
  Buf: 0.0
  Eq: 0.9965744627802448
  FloorDiv: 1.0389818867283402
  Gt: 0.9965744627802448
  GtE: 0.9965744627802448
  Invert: 0.06361113592214329
  IsNot: 0.06361113592214329
  LShift: 0.7421299190916717
  Lt: 0.9965744627802448
  LtE: 0.9965744627802448
  MainMem: 1.9999999999999856e-09
  Mod: 0.9965744627802448
  Mult: 0.754587785646432
  Not: 0.06361113484109926
  NotEq: 0.9965744627802448
  Or: 0.06361113592214329
  RShift: 0.7421299190916717
  Regs: 2.1083363181230848
  Sub: 0.9965744627802448
  UAdd: 0.9965744627802448
  USub: 0.9965744627802448
leakage_power:
  Add: 2022.6580172546423
  And: 378.50155607625317
  BitAnd: 378.50155607625317
  BitOr: 378.50155607625317
  BitXor: 378.50155607625317
  Buf: 0.0
  Eq: 2022.6580172546423
  FloorDiv: 67282.25811706911
  Gt: 2022.6580172546423
  GtE: 2022.6580172546423
  Invert: 378.50155607625317
  IsNot: 378.50155607625317
  LShift: 1051.5171772004703
  Lt: 2022.6580172546423
  LtE: 2022.6580172546423
  MainMem: 8.447725206915866e-08
  Mod: 2022.6580172546423
  Mult: 67282.25811706911
  Not: 378.50155607625317
  NotEq: 2022.6580172546423
  Or: 378.50155607625317
  RShift: 1051.5171772004703
  Regs: 45.800150298118155
  Sub: 2022.6580172546423
  UAdd: 2022.6580172546423
  USub: 2022.6580172546423
