V_dd: 0.5000000001123189
area:
  Add: 379348800.0
  And: 50369960.0
  BitAnd: 50369960.0
  BitOr: 50369960.0
  BitXor: 50369960.0
  Buf: 0.0
  Eq: 379348800.0
  FloorDiv: 8340007000.0
  Gt: 379348800.0
  GtE: 379348800.0
  Invert: 50369960.0
  IsNot: 50369960.0
  LShift: 24964610.0
  Lt: 379348800.0
  LtE: 379348800.0
  MainMem: 5981433.0
  Mod: 379348800.0
  Mult: 8340007000.0
  Not: 50369960.0
  NotEq: 379348800.0
  Or: 50369960.0
  RShift: 24964610.0
  Regs: 5981433.0
  Sub: 379348800.0
  UAdd: 379348800.0
  USub: 379348800.0
dynamic_power:
  Add: 89456.72774042531
  And: 9326.394631170273
  BitAnd: 9326.394631170273
  BitOr: 9326.394631170273
  BitXor: 9326.394631170273
  Buf: 0.0
  Eq: 146520.76451105796
  FloorDiv: 6522954.547602497
  Gt: 146520.76451105796
  GtE: 146520.76451105796
  Invert: 9326.394631170273
  IsNot: 9326.394631170273
  LShift: 215522.31412055646
  Lt: 146520.76451105796
  LtE: 146520.76451105796
  MainMem: 0.0011244628301106162
  Mod: 146520.76451105796
  Mult: 1302299.9829455877
  Not: 9326.394631170273
  NotEq: 146520.76451105796
  Or: 9326.394631170273
  RShift: 215522.31412055646
  Regs: 3674.396504526762
  Sub: 146520.76451105796
  UAdd: 146520.76451105796
  USub: 146520.76451105796
f: 4999999999.400079
latency:
  Add: 1.0926128702880797
  And: 0.14999999998200236
  BitAnd: 0.14999999998200236
  BitOr: 0.14999999998200236
  BitXor: 0.14999999998200236
  Buf: 0.0
  Eq: 2.3499999997180367
  FloorDiv: 2.4499999997060384
  Gt: 2.3499999997180367
  GtE: 2.3499999997180367
  Invert: 0.14999999998200236
  IsNot: 0.14999999998200236
  LShift: 1.7499999997900275
  Lt: 2.3499999997180367
  LtE: 2.3499999997180367
  MainMem: 9.999999661080805
  Mod: 2.3499999997180367
  Mult: 0.1829763321985436
  Not: 0.14999936987025841
  NotEq: 2.3499999997180367
  Or: 0.14999999998200236
  RShift: 1.7499999997900275
  Regs: 3.4859939858392197
  Sub: 2.3499999997180367
  UAdd: 2.3499999997180367
  USub: 2.3499999997180367
leakage_power:
  Add: 674.7898183941686
  And: 126.27393959225603
  BitAnd: 126.27393959225603
  BitOr: 126.27393959225603
  BitXor: 126.27393959225603
  Buf: 0.0
  Eq: 674.7898183941686
  FloorDiv: 22446.39595456182
  Gt: 674.7898183941686
  GtE: 674.7898183941686
  Invert: 126.27393959225603
  IsNot: 126.27393959225603
  LShift: 350.802300234882
  Lt: 674.7898183941686
  LtE: 674.7898183941686
  MainMem: 12.91497963822523
  Mod: 674.7898183941686
  Mult: 22446.39595456182
  Not: 126.27393959225603
  NotEq: 674.7898183941686
  Or: 126.27393959225603
  RShift: 350.802300234882
  Regs: 15.279634440645992
  Sub: 674.7898183941686
  UAdd: 674.7898183941686
  USub: 674.7898183941686
