V_dd: 0.8436789058200722
area:
  Add: 379348800.0
  And: 50369960.0
  BitAnd: 50369960.0
  BitOr: 50369960.0
  BitXor: 50369960.0
  Buf: 0.0
  Eq: 379348800.0
  FloorDiv: 8340007000.0
  Gt: 379348800.0
  GtE: 379348800.0
  Invert: 50369960.0
  IsNot: 50369960.0
  LShift: 24964610.0
  Lt: 379348800.0
  LtE: 379348800.0
  MainMem: 5981433.0
  Mod: 379348800.0
  Mult: 8340007000.0
  Not: 50369960.0
  NotEq: 379348800.0
  Or: 50369960.0
  RShift: 24964610.0
  Regs: 5981433.0
  Sub: 379348800.0
  UAdd: 379348800.0
  USub: 379348800.0
dynamic_power:
  Add: 285763.94557481474
  And: 18696.116595691456
  BitAnd: 18696.116595691456
  BitOr: 18696.116595691456
  BitXor: 18696.116595691456
  Buf: 0.0
  Eq: 293722.2158531861
  FloorDiv: 13076212.57659235
  Gt: 293722.2158531861
  GtE: 293722.2158531861
  Invert: 18696.116595691456
  IsNot: 18696.116595691456
  LShift: 432045.8733650595
  Lt: 293722.2158531861
  LtE: 293722.2158531861
  MainMem: 5.403257931790931e-12
  Mod: 293722.2158531861
  Mult: 10319583.391404437
  Not: 18696.116595691456
  NotEq: 293722.2158531861
  Or: 18696.116595691456
  RShift: 432045.8733650595
  Regs: 8678.51795380428
  Sub: 293722.2158531861
  UAdd: 293722.2158531861
  USub: 293722.2158531861
f: 1760205022.42052
latency:
  Add: 0.7865935775732986
  And: 0.0528061506726156
  BitAnd: 0.0528061506726156
  BitOr: 0.0528061506726156
  BitXor: 0.0528061506726156
  Buf: 0.0
  Eq: 0.8272963605376443
  FloorDiv: 0.8625004609860548
  Gt: 0.8272963605376443
  GtE: 0.8272963605376443
  Invert: 0.0528061506726156
  IsNot: 0.0528061506726156
  LShift: 0.616071757847182
  Lt: 0.8272963605376443
  LtE: 0.8272963605376443
  MainMem: 1.924987940643547e-09
  Mod: 0.8272963605376443
  Mult: 0.5952734362890638
  Not: 0.052785807220036236
  NotEq: 0.8272963605376443
  Or: 0.0528061506726156
  RShift: 0.616071757847182
  Regs: 1.5282670026390779
  Sub: 0.8272963605376443
  UAdd: 0.8272963605376443
  USub: 0.8272963605376443
leakage_power:
  Add: 1921.978001676776
  And: 359.6612270453835
  BitAnd: 359.6612270453835
  BitOr: 359.6612270453835
  BitXor: 359.6612270453835
  Buf: 0.0
  Eq: 1921.978001676776
  FloorDiv: 63933.2101131288
  Gt: 1921.978001676776
  GtE: 1921.978001676776
  Invert: 359.6612270453835
  IsNot: 359.6612270453835
  LShift: 999.1767593553269
  Lt: 1921.978001676776
  LtE: 1921.978001676776
  MainMem: 8.44779172824803e-08
  Mod: 1921.978001676776
  Mult: 63933.2101131288
  Not: 359.6612270453835
  NotEq: 1921.978001676776
  Or: 359.6612270453835
  RShift: 999.1767593553269
  Regs: 43.52039771209182
  Sub: 1921.978001676776
  UAdd: 1921.978001676776
  USub: 1921.978001676776
