V_dd: 0.7131077179270734
area:
  Add: 379348800.0
  And: 50369960.0
  BitAnd: 50369960.0
  BitOr: 50369960.0
  BitXor: 50369960.0
  Buf: 0.0
  Eq: 379348800.0
  FloorDiv: 8340007000.0
  Gt: 379348800.0
  GtE: 379348800.0
  Invert: 50369960.0
  IsNot: 50369960.0
  LShift: 24964610.0
  Lt: 379348800.0
  LtE: 379348800.0
  MainMem: 5981433.0
  Mod: 379348800.0
  Mult: 8340007000.0
  Not: 50369960.0
  NotEq: 379348800.0
  Or: 50369960.0
  RShift: 24964610.0
  Regs: 5981433.0
  Sub: 379348800.0
  UAdd: 379348800.0
  USub: 379348800.0
dynamic_power:
  Add: 291998.4166051689
  And: 18970.730403180834
  BitAnd: 18970.730403180834
  BitOr: 18970.730403180834
  BitXor: 18970.730403180834
  Buf: 0.0
  Eq: 298036.4901906839
  FloorDiv: 13268279.656663194
  Gt: 298036.4901906839
  GtE: 298036.4901906839
  Invert: 18970.730403180834
  IsNot: 18970.730403180834
  LShift: 438391.8844036404
  Lt: 298036.4901906839
  LtE: 298036.4901906839
  MainMem: 1.4999588247455553e-12
  Mod: 298036.4901906839
  Mult: 9951017.260300795
  Not: 18970.730403180834
  NotEq: 298036.4901906839
  Or: 18970.730403180834
  RShift: 438391.8844036404
  Regs: 9400.90281606214
  Sub: 298036.4901906839
  UAdd: 298036.4901906839
  USub: 298036.4901906839
f: 4999999993.585077
latency:
  Add: 2.2785930696367087
  And: 0.14999999980755233
  BitAnd: 0.14999999980755233
  BitOr: 0.14999999980755233
  BitXor: 0.14999999980755233
  Buf: 0.0
  Eq: 2.349999996984986
  FloorDiv: 2.449999996856688
  Gt: 2.349999996984986
  GtE: 2.349999996984986
  Invert: 0.14999999980755233
  IsNot: 0.14999999980755233
  LShift: 1.7499999977547769
  Lt: 2.349999996984986
  LtE: 2.349999996984986
  MainMem: 1.9999999999981683e-09
  Mod: 2.349999996984986
  Mult: 1.5477375859875084
  Not: 0.14999999943375564
  NotEq: 2.349999996984986
  Or: 0.14999999980755233
  RShift: 1.7499999977547769
  Regs: 4.955101124533517
  Sub: 2.349999996984986
  UAdd: 2.349999996984986
  USub: 2.349999996984986
leakage_power:
  Add: 13516.914958306459
  And: 2529.430729972617
  BitAnd: 2529.430729972617
  BitOr: 2529.430729972617
  BitXor: 2529.430729972617
  Buf: 0.0
  Eq: 13516.914958306459
  FloorDiv: 449630.41374915367
  Gt: 13516.914958306459
  GtE: 13516.914958306459
  Invert: 2529.430729972617
  IsNot: 2529.430729972617
  LShift: 7027.024904936187
  Lt: 13516.914958306459
  LtE: 13516.914958306459
  MainMem: 7.607676467694683e-08
  Mod: 13516.914958306459
  Mult: 449630.41374915367
  Not: 2529.430729972617
  NotEq: 13516.914958306459
  Or: 2529.430729972617
  RShift: 7027.024904936187
  Regs: 306.07088859123667
  Sub: 13516.914958306459
  UAdd: 13516.914958306459
  USub: 13516.914958306459
