V_dd: 0.5000000003848878
area:
  Add: 379348800.0
  And: 50369960.0
  BitAnd: 50369960.0
  BitOr: 50369960.0
  BitXor: 50369960.0
  Buf: 0.0
  Eq: 379348800.0
  FloorDiv: 8340007000.0
  Gt: 379348800.0
  GtE: 379348800.0
  Invert: 50369960.0
  IsNot: 50369960.0
  LShift: 24964610.0
  Lt: 379348800.0
  LtE: 379348800.0
  MainMem: 5981433.0
  Mod: 379348800.0
  Mult: 8340007000.0
  Not: 50369960.0
  NotEq: 379348800.0
  Or: 50369960.0
  RShift: 24964610.0
  Regs: 5981433.0
  Sub: 379348800.0
  UAdd: 379348800.0
  USub: 379348800.0
dynamic_power:
  Add: 128606.39153329699
  And: 9326.39463955545
  BitAnd: 9326.39463955545
  BitOr: 9326.39463955545
  BitXor: 9326.39463955545
  Buf: 0.0
  Eq: 146520.76464279194
  FloorDiv: 6522954.553467158
  Gt: 146520.76464279194
  GtE: 146520.76464279194
  Invert: 9326.39463955545
  IsNot: 9326.39463955545
  LShift: 215522.31431432837
  Lt: 146520.76464279194
  LtE: 146520.76464279194
  MainMem: 0.0011244628655684306
  Mod: 146520.76464279194
  Mult: 2719724.841467507
  Not: 9326.39463955545
  NotEq: 146520.76464279194
  Or: 9326.39463955545
  RShift: 215522.31431432837
  Regs: 4452.756534171527
  Sub: 146520.76464279194
  UAdd: 146520.76464279194
  USub: 146520.76464279194
f: 4999999998.444103
latency:
  Add: 1.9273964105486066
  And: 0.1499999999533231
  BitAnd: 0.1499999999533231
  BitOr: 0.1499999999533231
  BitXor: 0.1499999999533231
  Buf: 0.0
  Eq: 2.349999999268728
  FloorDiv: 2.4499999992376105
  Gt: 2.349999999268728
  GtE: 2.349999999268728
  Invert: 0.1499999999533231
  IsNot: 0.1499999999533231
  LShift: 1.749999999455436
  Lt: 2.349999999268728
  LtE: 2.349999999268728
  MainMem: 9.999999974500847
  Mod: 2.349999999268728
  Mult: 0.6035404477350136
  Not: 0.14999937012173886
  NotEq: 2.349999999268728
  Or: 0.1499999999533231
  RShift: 1.749999999455436
  Regs: 4.681737874824224
  Sub: 2.349999999268728
  UAdd: 2.349999999268728
  USub: 2.349999999268728
leakage_power:
  Add: 674.7898178695445
  And: 126.27393949408271
  BitAnd: 126.27393949408271
  BitOr: 126.27393949408271
  BitXor: 126.27393949408271
  Buf: 0.0
  Eq: 674.7898178695445
  FloorDiv: 22446.39593711058
  Gt: 674.7898178695445
  GtE: 674.7898178695445
  Invert: 126.27393949408271
  IsNot: 126.27393949408271
  LShift: 350.80229996214615
  Lt: 674.7898178695445
  LtE: 674.7898178695445
  MainMem: 42.76821315088154
  Mod: 674.7898178695445
  Mult: 22446.39593711058
  Not: 126.27393949408271
  NotEq: 674.7898178695445
  Or: 126.27393949408271
  RShift: 350.80229996214615
  Regs: 15.279634428766643
  Sub: 674.7898178695445
  UAdd: 674.7898178695445
  USub: 674.7898178695445
