V_dd: 0.9659615207660268
area:
  Add: 379348800.0
  And: 50369960.0
  BitAnd: 50369960.0
  BitOr: 50369960.0
  BitXor: 50369960.0
  Buf: 0.0
  Eq: 379348800.0
  FloorDiv: 8340007000.0
  Gt: 379348800.0
  GtE: 379348800.0
  Invert: 50369960.0
  IsNot: 50369960.0
  LShift: 24964610.0
  Lt: 379348800.0
  LtE: 379348800.0
  MainMem: 5981433.0
  Mod: 379348800.0
  Mult: 8340007000.0
  Not: 50369960.0
  NotEq: 379348800.0
  Or: 50369960.0
  RShift: 24964610.0
  Regs: 5981433.0
  Sub: 379348800.0
  UAdd: 379348800.0
  USub: 379348800.0
dynamic_power:
  Add: 405358.6789700037
  And: 26131.66797739126
  BitAnd: 26131.66797739126
  BitOr: 26131.66797739126
  BitXor: 26131.66797739126
  Buf: 0.0
  Eq: 410537.2034333548
  FloorDiv: 18276696.323772665
  Gt: 410537.2034333548
  GtE: 410537.2034333548
  Invert: 26131.66797739126
  IsNot: 26131.66797739126
  LShift: 603872.9623872573
  Lt: 410537.2034333548
  LtE: 410537.2034333548
  MainMem: 5.403257933885585e-12
  Mod: 410537.2034333548
  Mult: 16233389.605717849
  Not: 26131.66797739126
  NotEq: 410537.2034333548
  Or: 26131.66797739126
  RShift: 603872.9623872573
  Regs: 12583.129661826986
  Sub: 410537.2034333548
  UAdd: 410537.2034333548
  USub: 410537.2034333548
f: 1876781474.3802032
latency:
  Add: 0.8616422225378366
  And: 0.0563034442314061
  BitAnd: 0.0563034442314061
  BitOr: 0.0563034442314061
  BitXor: 0.0563034442314061
  Buf: 0.0
  Eq: 0.8820872929586954
  FloorDiv: 0.9196229224462995
  Gt: 0.8820872929586954
  GtE: 0.8820872929586954
  Invert: 0.0563034442314061
  IsNot: 0.0563034442314061
  LShift: 0.6568735160330711
  Lt: 0.8820872929586954
  LtE: 0.8820872929586954
  MainMem: 1.9642017116407507e-09
  Mod: 0.8820872929586954
  Mult: 0.7637174594061342
  Not: 0.056287283112983956
  NotEq: 0.8820872929586954
  Or: 0.0563034442314061
  RShift: 0.6568735160330711
  Regs: 1.752511675382926
  Sub: 0.8820872929586954
  UAdd: 0.8820872929586954
  USub: 0.8820872929586954
leakage_power:
  Add: 2519.2485488171897
  And: 471.42892557012175
  BitAnd: 471.42892557012175
  BitOr: 471.42892557012175
  BitXor: 471.42892557012175
  Buf: 0.0
  Eq: 2519.2485488171897
  FloorDiv: 83800.98349627764
  Gt: 2519.2485488171897
  GtE: 2519.2485488171897
  Invert: 471.42892557012175
  IsNot: 471.42892557012175
  LShift: 1309.679194466186
  Lt: 2519.2485488171897
  LtE: 2519.2485488171897
  MainMem: 8.447925381849392e-08
  Mod: 2519.2485488171897
  Mult: 83800.98349627764
  Not: 471.42892557012175
  NotEq: 2519.2485488171897
  Or: 471.42892557012175
  RShift: 1309.679194466186
  Regs: 57.04472095127158
  Sub: 2519.2485488171897
  UAdd: 2519.2485488171897
  USub: 2519.2485488171897
