V_dd: 0.7306088808047191
area:
  Add: 379348800.0
  And: 50369960.0
  BitAnd: 50369960.0
  BitOr: 50369960.0
  BitXor: 50369960.0
  Buf: 0.0
  Eq: 379348800.0
  FloorDiv: 8340007000.0
  Gt: 379348800.0
  GtE: 379348800.0
  Invert: 50369960.0
  IsNot: 50369960.0
  LShift: 24964610.0
  Lt: 379348800.0
  LtE: 379348800.0
  MainMem: 5981433.0
  Mod: 379348800.0
  Mult: 8340007000.0
  Not: 50369960.0
  NotEq: 379348800.0
  Or: 50369960.0
  RShift: 24964610.0
  Regs: 5981433.0
  Sub: 379348800.0
  UAdd: 379348800.0
  USub: 379348800.0
dynamic_power:
  Add: 302114.5074089968
  And: 19913.31997121527
  BitAnd: 19913.31997121527
  BitOr: 19913.31997121527
  BitXor: 19913.31997121527
  Buf: 0.0
  Eq: 312844.88610253733
  FloorDiv: 13927534.293903587
  Gt: 312844.88610253733
  GtE: 312844.88610253733
  Invert: 19913.31997121527
  IsNot: 19913.31997121527
  LShift: 460174.051361247
  Lt: 312844.88610253733
  LtE: 312844.88610253733
  MainMem: 0.0011244628680889242
  Mod: 312844.88610253733
  Mult: 9627331.88986562
  Not: 19913.31997121527
  NotEq: 312844.88610253733
  Or: 19913.31997121527
  RShift: 460174.051361247
  Regs: 9824.915461224087
  Sub: 312844.88610253733
  UAdd: 312844.88610253733
  USub: 312844.88610253733
f: 4999999990.326373
latency:
  Add: 2.2291465170545264
  And: 0.1499999997097912
  BitAnd: 0.1499999997097912
  BitOr: 0.1499999997097912
  BitXor: 0.1499999997097912
  Buf: 0.0
  Eq: 2.349999995453395
  FloorDiv: 2.4499999952599225
  Gt: 2.349999995453395
  GtE: 2.349999995453395
  Invert: 0.1499999997097912
  IsNot: 0.1499999997097912
  LShift: 1.7499999966142306
  Lt: 2.349999995453395
  LtE: 2.349999995453395
  MainMem: 9.999999980680476
  Mod: 2.349999995453395
  Mult: 1.347430596912331
  Not: 0.14999999770284653
  NotEq: 2.349999995453395
  Or: 0.1499999997097912
  RShift: 1.7499999966142306
  Regs: 4.924166685616102
  Sub: 2.349999995453395
  UAdd: 2.349999995453395
  USub: 2.349999995453395
leakage_power:
  Add: 1440.776404589278
  And: 269.6136007386838
  BitAnd: 269.6136007386838
  BitOr: 269.6136007386838
  BitXor: 269.6136007386838
  Buf: 0.0
  Eq: 1440.776404589278
  FloorDiv: 47926.38652486279
  Gt: 1440.776404589278
  GtE: 1440.776404589278
  Invert: 269.6136007386838
  IsNot: 269.6136007386838
  LShift: 749.0149718868809
  Lt: 1440.776404589278
  LtE: 1440.776404589278
  MainMem: 72.09464408406876
  Mod: 1440.776404589278
  Mult: 47926.38652486279
  Not: 269.6136007386838
  NotEq: 1440.776404589278
  Or: 269.6136007386838
  RShift: 749.0149718868809
  Regs: 32.6242871079791
  Sub: 1440.776404589278
  UAdd: 1440.776404589278
  USub: 1440.776404589278
