V_dd: 0.8656706380263404
area:
  Add: 379348800.0
  And: 50369960.0
  BitAnd: 50369960.0
  BitOr: 50369960.0
  BitXor: 50369960.0
  Buf: 0.0
  Eq: 379348800.0
  FloorDiv: 8340007000.0
  Gt: 379348800.0
  GtE: 379348800.0
  Invert: 50369960.0
  IsNot: 50369960.0
  LShift: 24964610.0
  Lt: 379348800.0
  LtE: 379348800.0
  MainMem: 5981433.0
  Mod: 379348800.0
  Mult: 8340007000.0
  Not: 50369960.0
  NotEq: 379348800.0
  Or: 50369960.0
  RShift: 24964610.0
  Regs: 5981433.0
  Sub: 379348800.0
  UAdd: 379348800.0
  USub: 379348800.0
dynamic_power:
  Add: 184273.772947686
  And: 11855.351765575044
  BitAnd: 11855.351765575044
  BitOr: 11855.351765575044
  BitXor: 11855.351765575044
  Buf: 0.0
  Eq: 186251.5230091235
  FloorDiv: 8291727.271997435
  Gt: 186251.5230091235
  GtE: 186251.5230091235
  Invert: 11855.351765575044
  IsNot: 11855.351765575044
  LShift: 273963.6213430683
  Lt: 186251.5230091235
  LtE: 186251.5230091235
  MainMem: 0.0018824901035766797
  Mod: 186251.5230091235
  Mult: 6764197.509305308
  Not: 11855.351765575044
  NotEq: 186251.5230091235
  Or: 11855.351765575044
  RShift: 273963.6213430683
  Regs: 5885.895688755915
  Sub: 186251.5230091235
  UAdd: 186251.5230091235
  USub: 186251.5230091235
f: 2120338969.4289958
latency:
  Add: 0.9802401998743073
  And: 0.06361016908286987
  BitAnd: 0.06361016908286987
  BitOr: 0.06361016908286987
  BitXor: 0.06361016908286987
  Buf: 0.0
  Eq: 0.9965593156316279
  FloorDiv: 1.038966095020208
  Gt: 0.9965593156316279
  GtE: 0.9965593156316279
  Invert: 0.06361016908286987
  IsNot: 0.06361016908286987
  LShift: 0.7421186393001485
  Lt: 0.9965593156316279
  LtE: 0.9965593156316279
  MainMem: 4.240677938857186
  Mod: 0.9965593156316279
  Mult: 0.7545802608208173
  Not: 0.0636101679948726
  NotEq: 0.9965593156316279
  Or: 0.06361016908286987
  RShift: 0.7421186393001485
  Regs: 2.1057857237738
  Sub: 0.9965593156316279
  UAdd: 0.9965593156316279
  USub: 0.9965593156316279
leakage_power:
  Add: 2022.702773034131
  And: 378.50993125981626
  BitAnd: 378.50993125981626
  BitOr: 378.50993125981626
  BitXor: 378.50993125981626
  Buf: 0.0
  Eq: 2022.702773034131
  FloorDiv: 67283.74688574977
  Gt: 2022.702773034131
  GtE: 2022.702773034131
  Invert: 378.50993125981626
  IsNot: 378.50993125981626
  LShift: 1051.540444342276
  Lt: 2022.702773034131
  LtE: 2022.702773034131
  MainMem: 84.47725236876487
  Mod: 2022.702773034131
  Mult: 67283.74688574977
  Not: 378.50993125981626
  NotEq: 2022.702773034131
  Or: 378.50993125981626
  RShift: 1051.540444342276
  Regs: 45.801163727679565
  Sub: 2022.702773034131
  UAdd: 2022.702773034131
  USub: 2022.702773034131
