V_dd: 0.630505832239603
area:
  Add: 379348800.0
  And: 50369960.0
  BitAnd: 50369960.0
  BitOr: 50369960.0
  BitXor: 50369960.0
  Buf: 0.0
  Eq: 379348800.0
  FloorDiv: 8340007000.0
  Gt: 379348800.0
  GtE: 379348800.0
  Invert: 50369960.0
  IsNot: 50369960.0
  LShift: 24964610.0
  Lt: 379348800.0
  LtE: 379348800.0
  MainMem: 5981433.0
  Mod: 379348800.0
  Mult: 8340007000.0
  Not: 50369960.0
  NotEq: 379348800.0
  Or: 50369960.0
  RShift: 24964610.0
  Regs: 5981433.0
  Sub: 379348800.0
  UAdd: 379348800.0
  USub: 379348800.0
dynamic_power:
  Add: 135079.24624987622
  And: 9177.252050640802
  BitAnd: 9177.252050640802
  BitOr: 9177.252050640802
  BitXor: 9177.252050640802
  Buf: 0.0
  Eq: 144177.68491979814
  FloorDiv: 6418643.0411330545
  Gt: 144177.68491979814
  GtE: 144177.68491979814
  Invert: 9177.252050640802
  IsNot: 9177.252050640802
  LShift: 212075.7996462285
  Lt: 144177.68491979814
  LtE: 144177.68491979814
  MainMem: 5.403257912491227e-12
  Mod: 144177.68491979814
  Mult: 4010783.3216340616
  Not: 9177.252050640802
  NotEq: 144177.68491979814
  Or: 9177.252050640802
  RShift: 212075.7996462285
  Regs: 3925.521714358913
  Sub: 144177.68491979814
  UAdd: 144177.68491979814
  USub: 144177.68491979814
f: 1547036900.492056
latency:
  Add: 0.645810437676747
  And: 0.04641110701476168
  BitAnd: 0.04641110701476168
  BitOr: 0.04641110701476168
  BitXor: 0.04641110701476168
  Buf: 0.0
  Eq: 0.7271073432312661
  FloorDiv: 0.7580480812411073
  Gt: 0.7271073432312661
  GtE: 0.7271073432312661
  Invert: 0.04641110701476168
  IsNot: 0.04641110701476168
  LShift: 0.5414629151722196
  Lt: 0.7271073432312661
  LtE: 0.7271073432312661
  MainMem: 1.833425435496887e-09
  Mod: 0.7271073432312661
  Mult: 0.36310221619131955
  Not: 0.04639089656661237
  NotEq: 0.7271073432312661
  Or: 0.04641110701476168
  RShift: 0.5414629151722196
  Regs: 1.142197541961343
  Sub: 0.7271073432312661
  UAdd: 0.7271073432312661
  USub: 0.7271073432312661
leakage_power:
  Add: 1073.4802676998504
  And: 200.88119112346874
  BitAnd: 200.88119112346874
  BitOr: 200.88119112346874
  BitXor: 200.88119112346874
  Buf: 0.0
  Eq: 1073.4802676998504
  FloorDiv: 35708.5458039983
  Gt: 1073.4802676998504
  GtE: 1073.4802676998504
  Invert: 200.88119112346874
  IsNot: 200.88119112346874
  LShift: 558.0691007787126
  Lt: 1073.4802676998504
  LtE: 1073.4802676998504
  MainMem: 8.44711788627459e-08
  Mod: 1073.4802676998504
  Mult: 35708.5458039983
  Not: 200.88119112346874
  NotEq: 1073.4802676998504
  Or: 200.88119112346874
  RShift: 558.0691007787126
  Regs: 24.307400056411794
  Sub: 1073.4802676998504
  UAdd: 1073.4802676998504
  USub: 1073.4802676998504
