V_dd: 0.5006359425355283
area:
  Add: 379348800.0
  And: 50369960.0
  BitAnd: 50369960.0
  BitOr: 50369960.0
  BitXor: 50369960.0
  Buf: 0.0
  Eq: 379348800.0
  FloorDiv: 8340007000.0
  Gt: 379348800.0
  GtE: 379348800.0
  Invert: 50369960.0
  IsNot: 50369960.0
  LShift: 24964610.0
  Lt: 379348800.0
  LtE: 379348800.0
  MainMem: 5981433.0
  Mod: 379348800.0
  Mult: 8340007000.0
  Not: 50369960.0
  NotEq: 379348800.0
  Or: 50369960.0
  RShift: 24964610.0
  Regs: 5981433.0
  Sub: 379348800.0
  UAdd: 379348800.0
  USub: 379348800.0
dynamic_power:
  Add: 117642.05891426215
  And: 9009.79571428427
  BitAnd: 9009.79571428427
  BitOr: 9009.79571428427
  BitXor: 9009.79571428427
  Buf: 0.0
  Eq: 141546.8901276523
  FloorDiv: 6301522.748248276
  Gt: 141546.8901276523
  GtE: 141546.8901276523
  Invert: 9009.79571428427
  IsNot: 9009.79571428427
  LShift: 208206.0752186249
  Lt: 141546.8901276523
  LtE: 141546.8901276523
  MainMem: 0.0018851598455975132
  Mod: 141546.8901276523
  Mult: 2221171.2869591387
  Not: 9009.79571428427
  NotEq: 141546.8901276523
  Or: 9009.79571428427
  RShift: 208206.0752186249
  Regs: 4124.703836297855
  Sub: 141546.8901276523
  UAdd: 141546.8901276523
  USub: 141546.8901276523
f: 4818003566.492485
latency:
  Add: 1.6849598222964062
  And: 0.14454010699477454
  BitAnd: 0.14454010699477454
  BitOr: 0.14454010699477454
  BitXor: 0.14454010699477454
  Buf: 0.0
  Eq: 2.2644616762514675
  FloorDiv: 2.3608217475813174
  Gt: 2.2644616762514675
  GtE: 2.2644616762514675
  Invert: 0.14454010699477454
  IsNot: 0.14454010699477454
  LShift: 1.6863012482723696
  Lt: 2.2644616762514675
  LtE: 2.2644616762514675
  MainMem: 9.649672890432328
  Mod: 2.2644616762514675
  Mult: 0.4544287993720562
  Not: 0.14329954257261018
  NotEq: 2.2644616762514675
  Or: 0.14454010699477454
  RShift: 1.6863012482723696
  Regs: 4.145261396709937
  Sub: 2.2644616762514675
  UAdd: 2.2644616762514675
  USub: 2.2644616762514675
leakage_power:
  Add: 682.3611739314233
  And: 127.69077319833795
  BitAnd: 127.69077319833795
  BitOr: 127.69077319833795
  BitXor: 127.69077319833795
  Buf: 0.0
  Eq: 682.3611739314233
  FloorDiv: 22698.251628238733
  Gt: 682.3611739314233
  GtE: 682.3611739314233
  Invert: 127.69077319833795
  IsNot: 127.69077319833795
  LShift: 354.7384131784438
  Lt: 682.3611739314233
  LtE: 682.3611739314233
  MainMem: 84.52233046712695
  Mod: 682.3611739314233
  Mult: 22698.251628238733
  Not: 127.69077319833795
  NotEq: 682.3611739314233
  Or: 127.69077319833795
  RShift: 354.7384131784438
  Regs: 15.451076779691238
  Sub: 682.3611739314233
  UAdd: 682.3611739314233
  USub: 682.3611739314233
