V_dd: 0.909281573422104
area:
  Add: 379348800.0
  And: 50369960.0
  BitAnd: 50369960.0
  BitOr: 50369960.0
  BitXor: 50369960.0
  Buf: 0.0
  Eq: 379348800.0
  FloorDiv: 8340007000.0
  Gt: 379348800.0
  GtE: 379348800.0
  Invert: 50369960.0
  IsNot: 50369960.0
  LShift: 24964610.0
  Lt: 379348800.0
  LtE: 379348800.0
  MainMem: 5981433.0
  Mod: 379348800.0
  Mult: 8340007000.0
  Not: 50369960.0
  NotEq: 379348800.0
  Or: 50369960.0
  RShift: 24964610.0
  Regs: 5981433.0
  Sub: 379348800.0
  UAdd: 379348800.0
  USub: 379348800.0
dynamic_power:
  Add: 357238.3328758671
  And: 23386.507109078673
  BitAnd: 23386.507109078673
  BitOr: 23386.507109078673
  BitXor: 23386.507109078673
  Buf: 0.0
  Eq: 367409.8122990887
  FloorDiv: 16356708.989115663
  Gt: 367409.8122990887
  GtE: 367409.8122990887
  Invert: 23386.507109078673
  IsNot: 23386.507109078673
  LShift: 540435.4341279918
  Lt: 367409.8122990887
  LtE: 367409.8122990887
  MainMem: 7.940559623988888e-12
  Mod: 367409.8122990887
  Mult: 14609210.888588807
  Not: 23386.507109078673
  NotEq: 367409.8122990887
  Or: 23386.507109078673
  RShift: 540435.4341279918
  Regs: 10686.980951595762
  Sub: 367409.8122990887
  UAdd: 367409.8122990887
  USub: 367409.8122990887
f: 1895548110.8746812
latency:
  Add: 0.8435413317746455
  And: 0.05686644332624044
  BitAnd: 0.05686644332624044
  BitOr: 0.05686644332624044
  BitXor: 0.05686644332624044
  Buf: 0.0
  Eq: 0.8909076121111
  FloorDiv: 0.9288185743285937
  Gt: 0.8909076121111
  GtE: 0.8909076121111
  Invert: 0.05686644332624044
  IsNot: 0.05686644332624044
  LShift: 0.6634418388061384
  Lt: 0.8909076121111
  LtE: 0.8909076121111
  MainMem: 1.8998754666524924e-09
  Mod: 0.8909076121111
  Mult: 0.7734833087406668
  Not: 0.05686644295332825
  NotEq: 0.8909076121111
  Or: 0.05686644332624044
  RShift: 0.6634418388061384
  Regs: 1.593818357002755
  Sub: 0.8909076121111
  UAdd: 0.8909076121111
  USub: 0.8909076121111
leakage_power:
  Add: 2231.6365777170477
  And: 417.6078754079593
  BitAnd: 417.6078754079593
  BitOr: 417.6078754079593
  BitXor: 417.6078754079593
  Buf: 0.0
  Eq: 2231.6365777170477
  FloorDiv: 74233.77899999596
  Gt: 2231.6365777170477
  GtE: 2231.6365777170477
  Invert: 417.6078754079593
  IsNot: 417.6078754079593
  LShift: 1160.158650014103
  Lt: 2231.6365777170477
  LtE: 2231.6365777170477
  MainMem: 8.204117789081809e-08
  Mod: 2231.6365777170477
  Mult: 74233.77899999596
  Not: 417.6078754079593
  NotEq: 2231.6365777170477
  Or: 417.6078754079593
  RShift: 1160.158650014103
  Regs: 50.532165990644174
  Sub: 2231.6365777170477
  UAdd: 2231.6365777170477
  USub: 2231.6365777170477
