V_dd: 0.5723745666341581
area:
  Add: 379348800.0
  And: 50369960.0
  BitAnd: 50369960.0
  BitOr: 50369960.0
  BitXor: 50369960.0
  Buf: 0.0
  Eq: 379348800.0
  FloorDiv: 8340007000.0
  Gt: 379348800.0
  GtE: 379348800.0
  Invert: 50369960.0
  IsNot: 50369960.0
  LShift: 24964610.0
  Lt: 379348800.0
  LtE: 379348800.0
  MainMem: 5981433.0
  Mod: 379348800.0
  Mult: 8340007000.0
  Not: 50369960.0
  NotEq: 379348800.0
  Or: 50369960.0
  RShift: 24964610.0
  Regs: 5981433.0
  Sub: 379348800.0
  UAdd: 379348800.0
  USub: 379348800.0
dynamic_power:
  Add: 181034.22093529662
  And: 12221.779219313725
  BitAnd: 12221.779219313725
  BitOr: 12221.779219313725
  BitXor: 12221.779219313725
  Buf: 0.0
  Eq: 192008.2202949315
  FloorDiv: 8548009.546151133
  Gt: 192008.2202949315
  GtE: 192008.2202949315
  Invert: 12221.779219313725
  IsNot: 12221.779219313725
  LShift: 282431.34074699774
  Lt: 192008.2202949315
  LtE: 192008.2202949315
  MainMem: 0.0011244628680134512
  Mod: 192008.2202949315
  Mult: 4826558.249942459
  Not: 12221.779219313725
  NotEq: 192008.2202949315
  Or: 12221.779219313725
  RShift: 282431.34074699774
  Regs: 5984.171479192442
  Sub: 192008.2202949315
  UAdd: 192008.2202949315
  USub: 192008.2202949315
f: 4999999994.746805
latency:
  Add: 2.14981224443122
  And: 0.14999999984240414
  BitAnd: 0.14999999984240414
  BitOr: 0.14999999984240414
  BitXor: 0.14999999984240414
  Buf: 0.0
  Eq: 2.349999997530998
  FloorDiv: 2.4499999974259343
  Gt: 2.349999997530998
  GtE: 2.349999997530998
  Invert: 0.14999999984240414
  IsNot: 0.14999999984240414
  LShift: 1.7499999981613816
  Lt: 2.349999997530998
  LtE: 2.349999997530998
  MainMem: 9.999999988850147
  Mod: 2.349999997530998
  Mult: 0.9807122367053452
  Not: 0.1499993708100689
  NotEq: 2.349999997530998
  Or: 0.14999999984240414
  RShift: 1.7499999981613816
  Regs: 4.863416728212947
  Sub: 2.349999997530998
  UAdd: 2.349999997530998
  USub: 2.349999997530998
leakage_power:
  Add: 884.2787008625281
  And: 165.47575587485844
  BitAnd: 165.47575587485844
  BitOr: 165.47575587485844
  BitXor: 165.47575587485844
  Buf: 0.0
  Eq: 884.2787008625281
  FloorDiv: 29414.892330446233
  Gt: 884.2787008625281
  GtE: 884.2787008625281
  Invert: 165.47575587485844
  IsNot: 165.47575587485844
  LShift: 459.7090736334808
  Lt: 884.2787008625281
  LtE: 884.2787008625281
  MainMem: 61.84594078093387
  Mod: 884.2787008625281
  Mult: 29414.892330446233
  Not: 165.47575587485844
  NotEq: 884.2787008625281
  Or: 165.47575587485844
  RShift: 459.7090736334808
  Regs: 20.023205633100204
  Sub: 884.2787008625281
  UAdd: 884.2787008625281
  USub: 884.2787008625281
