V_dd: 0.7098368908935999
area:
  Add: 379348800.0
  And: 50369960.0
  BitAnd: 50369960.0
  BitOr: 50369960.0
  BitXor: 50369960.0
  Buf: 0.0
  Eq: 379348800.0
  FloorDiv: 8340007000.0
  Gt: 379348800.0
  GtE: 379348800.0
  Invert: 50369960.0
  IsNot: 50369960.0
  LShift: 24964610.0
  Lt: 379348800.0
  LtE: 379348800.0
  MainMem: 5981433.0
  Mod: 379348800.0
  Mult: 8340007000.0
  Not: 50369960.0
  NotEq: 379348800.0
  Or: 50369960.0
  RShift: 24964610.0
  Regs: 5981433.0
  Sub: 379348800.0
  UAdd: 379348800.0
  USub: 379348800.0
dynamic_power:
  Add: 130095.15498640448
  And: 8463.548100552382
  BitAnd: 8463.548100552382
  BitOr: 8463.548100552382
  BitXor: 8463.548100552382
  Buf: 0.0
  Eq: 132965.15826431866
  FloorDiv: 5919472.82466893
  Gt: 132965.15826431866
  GtE: 132965.15826431866
  Invert: 8463.548100552382
  IsNot: 8463.548100552382
  LShift: 195582.91756230395
  Lt: 132965.15826431866
  LtE: 132965.15826431866
  MainMem: 0.0024702253348168374
  Mod: 132965.15826431866
  Mult: 4127917.731053338
  Not: 8463.548100552382
  NotEq: 132965.15826431866
  Or: 8463.548100552382
  RShift: 195582.91756230395
  Regs: 4185.008756740095
  Sub: 132965.15826431866
  UAdd: 132965.15826431866
  USub: 132965.15826431866
f: 2251290606.9719515
latency:
  Add: 1.0230142836910123
  And: 0.06753871820915855
  BitAnd: 0.06753871820915855
  BitOr: 0.06753871820915855
  BitXor: 0.06753871820915855
  Buf: 0.0
  Eq: 1.058106585276817
  FloorDiv: 1.1031323974162561
  Gt: 1.058106585276817
  GtE: 1.058106585276817
  Invert: 0.06753871820915855
  IsNot: 0.06753871820915855
  LShift: 0.787951712440183
  Lt: 1.058106585276817
  LtE: 1.058106585276817
  MainMem: 4.502581212919844
  Mod: 1.058106585276817
  Mult: 0.6277171787680127
  Not: 0.06753871586621997
  NotEq: 1.058106585276817
  Or: 0.06753871820915855
  RShift: 0.787951712440183
  Regs: 2.2201520347166306
  Sub: 1.058106585276817
  UAdd: 1.058106585276817
  USub: 1.058106585276817
leakage_power:
  Add: 1360.015429497417
  And: 254.50073712964172
  BitAnd: 254.50073712964172
  BitOr: 254.50073712964172
  BitXor: 254.50073712964172
  Buf: 0.0
  Eq: 1360.015429497417
  FloorDiv: 45239.93101653516
  Gt: 1360.015429497417
  GtE: 1360.015429497417
  Invert: 254.50073712964172
  IsNot: 254.50073712964172
  LShift: 707.0298454680237
  Lt: 1360.015429497417
  LtE: 1360.015429497417
  MainMem: 84.47306971379254
  Mod: 1360.015429497417
  Mult: 45239.93101653516
  Not: 254.50073712964172
  NotEq: 1360.015429497417
  Or: 254.50073712964172
  RShift: 707.0298454680237
  Regs: 30.79557223582772
  Sub: 1360.015429497417
  UAdd: 1360.015429497417
  USub: 1360.015429497417
