V_dd: 0.7152837344148797
area:
  Add: 379348800.0
  And: 50369960.0
  BitAnd: 50369960.0
  BitOr: 50369960.0
  BitXor: 50369960.0
  Buf: 0.0
  Eq: 379348800.0
  FloorDiv: 8340007000.0
  Gt: 379348800.0
  GtE: 379348800.0
  Invert: 50369960.0
  IsNot: 50369960.0
  LShift: 24964610.0
  Lt: 379348800.0
  LtE: 379348800.0
  MainMem: 5981433.0
  Mod: 379348800.0
  Mult: 8340007000.0
  Not: 50369960.0
  NotEq: 379348800.0
  Or: 50369960.0
  RShift: 24964610.0
  Regs: 5981433.0
  Sub: 379348800.0
  UAdd: 379348800.0
  USub: 379348800.0
dynamic_power:
  Add: 215942.857441148
  And: 14629.700254606818
  BitAnd: 14629.700254606818
  BitOr: 14629.700254606818
  BitXor: 14629.700254606818
  Buf: 0.0
  Eq: 229837.46138175562
  FloorDiv: 10232128.660619905
  Gt: 229837.46138175562
  GtE: 229837.46138175562
  Invert: 14629.700254606818
  IsNot: 14629.700254606818
  LShift: 338075.64213775017
  Lt: 229837.46138175562
  LtE: 229837.46138175562
  MainMem: 1.7550147594719578e-11
  Mod: 229837.46138175562
  Mult: 9001468.173844235
  Not: 14629.700254606818
  NotEq: 229837.46138175562
  Or: 14629.700254606818
  RShift: 338075.64213775017
  Regs: 6023.195208025035
  Sub: 229837.46138175562
  UAdd: 229837.46138175562
  USub: 229837.46138175562
f: 1916218192.3460553
latency:
  Add: 0.7958546448459998
  And: 0.057486545770381654
  BitAnd: 0.057486545770381654
  BitOr: 0.057486545770381654
  BitXor: 0.057486545770381654
  Buf: 0.0
  Eq: 0.9006225504026458
  FloorDiv: 0.938946914249567
  Gt: 0.9006225504026458
  GtE: 0.9006225504026458
  Invert: 0.057486545770381654
  IsNot: 0.057486545770381654
  LShift: 0.6706763673211193
  Lt: 0.9006225504026458
  LtE: 0.9006225504026458
  MainMem: 1.769504861665786e-09
  Mod: 0.9006225504026458
  Mult: 0.7536116511570627
  Not: 0.05748654535796537
  NotEq: 0.9006225504026458
  Or: 0.057486545770381654
  RShift: 0.6706763673211193
  Regs: 1.3076890644586483
  Sub: 0.9006225504026458
  UAdd: 0.9006225504026458
  USub: 0.9006225504026458
leakage_power:
  Add: 1701.9545569242712
  And: 2036.0785630109117
  BitAnd: 646.0536838553544
  BitOr: 646.0536838553544
  BitXor: 839.8697891330564
  Buf: 0.0
  Eq: 1904.8557916042141
  FloorDiv: 657473.2982993937
  Gt: 2434.8217043381715
  GtE: 2477.2189771388544
  Invert: 258.4214735663677
  IsNot: 258.4214735663677
  LShift: 2117.6415677788127
  Lt: 3091.979436079828
  LtE: 2434.8217043381715
  MainMem: 8.219728837854693e-08
  Mod: 2098.6718969606845
  Mult: 256019.57699138232
  Not: 258.4214735663677
  NotEq: 3091.979436079828
  Or: 2036.0785630109117
  RShift: 2117.6415677788127
  Regs: 72.87709775421764
  Sub: 1895.7706616750925
  UAdd: 1701.9545569242712
  USub: 1895.7706616750925
