alpha:
  Add: 6.157606280551029
  And: 0.06952056485458945
  BitAnd: 1.766602478645139
  BitOr: 1.784624500074063
  BitXor: 1.7510492272749716
  Eq: 0.8721177109564014
  FloorDiv: 86.10768774996296
  Gt: 1.7297190539673135
  GtE: 2.0211820471041326
  Invert: 1.0
  IsNot: 0.8664889152224362
  LShift: 3.2668740433516024
  Lt: 1.7297190539673135
  LtE: 2.0211820471041326
  Mod: 130.00997383103737
  Mult: 171.17246827630473
  Not: 1.0
  NotEq: 0.8664889152224362
  OffChipIO: 0.0
  Or: 0.09489952105860859
  RShift: 3.469362563570829
  Regs: 23.46319063842394
  Sub: 7.239075692490002
  UAdd: 6.157606280551029
  USub: 7.239075692490002
area:
  Add: 7.333660802000536
  And: 0.7292131821023489
  BitAnd: 2.0000893096365098
  BitOr: 2.0000893096365098
  BitXor: 3.0000893096365098
  Buf: 0.0
  Eq: 3.625167455568456
  FloorDiv: 114.02527462713228
  Gt: 4.250156291863893
  GtE: 4.583549164954899
  Invert: 1.0
  IsNot: 3.625167455568456
  LShift: 10.167098329909798
  Lt: 4.250156291863893
  LtE: 4.583549164954899
  MainMem: 534199.6070375994
  Mod: 131.23434848620167
  Mult: 101.14977226042691
  Not: 1.0
  NotEq: 3.625167455568456
  Or: 0.7292131821023489
  RShift: 10.250424220773422
  Regs: 0.08930963650977941
  Sub: 8.312851656693757
  UAdd: 7.333660802000536
  USub: 8.312851656693757
beta:
  Add: 17.37037037037037
  And: 1.5555555555555554
  BitAnd: 8.888888888888888
  BitOr: 8.888888888888888
  BitXor: 7.962962962962962
  Buf: 0.0
  Eq: 8.555555555555555
  FloorDiv: 293.7037037037037
  Gt: 7.962962962962962
  GtE: 9.444444444444443
  Invert: 1.0
  IsNot: 8.518518518518517
  LShift: 21.037037037037035
  Lt: 7.962962962962962
  LtE: 9.444444444444443
  MainMem: 312.88888888888886
  Mod: 334.7407407407407
  Mult: 234.59259259259258
  Not: 1.0
  NotEq: 8.518518518518517
  Or: 1.5185185185185184
  RShift: 21.22222222222222
  Regs: 16.962962962962962
  Sub: 25.222222222222218
  UAdd: 17.37037037037037
  USub: 25.222222222222218
gamma:
  Add: 15.357142857142856
  And: 3.142857142857143
  BitAnd: 0.7619047619047619
  BitOr: 0.8095238095238095
  BitXor: 0.9285714285714285
  Buf: 0.0
  Eq: 3.8095238095238093
  FloorDiv: 168.02380952380952
  Gt: 5.69047619047619
  GtE: 7.023809523809523
  Invert: 1.0
  IsNot: 3.3571428571428568
  LShift: 5.19047619047619
  Lt: 5.69047619047619
  LtE: 7.023809523809523
  MainMem: 19.047619047619047
  Mod: 172.7142857142857
  Mult: 44.99999999999999
  Not: 1.0
  NotEq: 3.3571428571428568
  OffChipIO: 0.0
  Or: 2.8571428571428568
  RShift: 5.19047619047619
  Regs: 2.7595238095238095
  Sub: 13.214285714285715
  UAdd: 15.357142857142856
  USub: 13.214285714285715
