alpha:
  Add16: 615.7606280551029
  And16: 6.952056485458945
  BitAnd16: 176.6602478645139
  BitOr16: 178.4624500074063
  BitXor16: 175.10492272749715
  Eq16: 87.21177109564015
  FloorDiv16: 8610.768774996297
  Gt16: 172.97190539673136
  GtE16: 202.11820471041327
  Invert16: 100.0
  LShift16: 326.68740433516024
  Lt16: 172.97190539673136
  LtE16: 202.11820471041327
  Modulus16: 13000.997383103737
  Mult16: 17117.24682763047
  Not16: 100.0
  NotEq16: 86.64889152224362
  OffChipIO: 0.0
  Or16: 9.489952105860858
  RShift16: 346.93625635708287
  Register16: 2346.319063842394
  Sub16: 723.9075692490002
area:
  Add16: 7.328571428571429
  And16: 0.7285714285714286
  BitAnd16: 1.9857142857142858
  BitOr16: 1.9857142857142858
  BitXor16: 3.0000000000000004
  Buf: 0.0
  Eq16: 3.628571428571429
  Exp16: 107.48571428571428
  FloorDiv16: 113.98571428571431
  Gt16: 4.242857142857144
  GtE16: 4.585714285714286
  LShift16: 10.171428571428573
  Lt16: 4.242857142857144
  LtE16: 4.585714285714286
  Modulus16: 131.14285714285714
  Mult16: 101.12857142857145
  Not16: 1.0
  NotEq16: 3.628571428571429
  Or16: 0.7285714285714286
  RShift16: 10.242857142857144
  Register16: 0.7142857142857143
  Sub16: 8.314285714285715
beta:
  Add16: 1737.037037037037
  And16: 155.55555555555554
  BitAnd16: 888.8888888888888
  BitOr16: 888.8888888888888
  BitXor16: 796.2962962962962
  Buf: 0.0
  Eq16: 855.5555555555555
  FloorDiv16: 29370.37037037037
  Gt16: 796.2962962962962
  GtE16: 944.4444444444443
  Invert16: 100.0
  LShift16: 2103.7037037037035
  Lt16: 796.2962962962962
  LtE16: 944.4444444444443
  Modulus16: 33474.07407407407
  Mult16: 23459.25925925926
  Not16: 100.0
  NotEq16: 851.8518518518517
  Or16: 151.85185185185185
  RShift16: 2122.222222222222
  Register16: 1696.296296296296
  Sub16: 2522.2222222222217
gamma:
  Add16: 1535.7142857142856
  And16: 314.2857142857143
  BitAnd16: 76.19047619047619
  BitOr16: 80.95238095238095
  BitXor16: 92.85714285714285
  Buf: 0.0
  Eq16: 380.9523809523809
  FloorDiv16: 16802.38095238095
  Gt16: 569.047619047619
  GtE16: 702.3809523809523
  Invert16: 100.0
  LShift16: 519.047619047619
  Lt16: 569.047619047619
  LtE16: 702.3809523809523
  Modulus16: 17271.42857142857
  Mult16: 4499.999999999999
  Not16: 100.0
  NotEq16: 335.71428571428567
  OffChipIO16: 0.0
  Or16: 285.71428571428567
  RShift16: 519.047619047619
  Register16: 275.95238095238096
  Sub16: 1321.4285714285716
