alpha:
  Add: 615.7606280551029
  And: 6.952056485458945
  BitAnd: 176.6602478645139
  BitOr: 178.4624500074063
  BitXor: 175.10492272749715
  Eq: 87.21177109564015
  FloorDiv: 8610.768774996297
  Gt: 172.97190539673136
  GtE: 202.11820471041327
  Invert: 100.0
  IsNot: 86.64889152224362
  LShift: 326.68740433516024
  Lt: 172.97190539673136
  LtE: 202.11820471041327
  Mod: 13000.997383103737
  Mult: 17117.24682763047
  Not: 100.0
  NotEq: 86.64889152224362
  OffChipIO: 0.0
  Or: 9.489952105860858
  RShift: 346.93625635708287
  Regs: 2346.319063842394
  Sub: 723.9075692490002
  UAdd: 615.7606280551029
  USub: 723.9075692490002
area:
  Add: 7.333660802000536
  And: 0.7292131821023489
  BitAnd: 2.0000893096365098
  BitOr: 2.0000893096365098
  BitXor: 3.0000893096365098
  Buf: 0.0
  Eq: 3.625167455568456
  FloorDiv: 114.02527462713228
  Gt: 4.250156291863893
  GtE: 4.583549164954899
  Invert: 1.0
  IsNot: 3.625167455568456
  LShift: 10.167098329909798
  Lt: 4.250156291863893
  LtE: 4.583549164954899
  MainMem: 534199.6070375994
  Mod: 131.23434848620167
  Mult: 101.14977226042691
  Not: 1.0
  NotEq: 3.625167455568456
  Or: 0.7292131821023489
  RShift: 10.250424220773422
  Regs: 0.08930963650977941
  Sub: 8.312851656693757
  UAdd: 7.333660802000536
  USub: 8.312851656693757
beta:
  Add: 1737.037037037037
  And: 155.55555555555554
  BitAnd: 888.8888888888888
  BitOr: 888.8888888888888
  BitXor: 796.2962962962962
  Buf: 0.0
  Eq: 855.5555555555555
  FloorDiv: 29370.37037037037
  Gt: 796.2962962962962
  GtE: 944.4444444444443
  Invert: 100.0
  IsNot: 851.8518518518517
  LShift: 2103.7037037037035
  Lt: 796.2962962962962
  LtE: 944.4444444444443
  MainMem: 31288.888888888887
  Mod: 33474.07407407407
  Mult: 23459.25925925926
  Not: 100.0
  NotEq: 851.8518518518517
  Or: 151.85185185185185
  RShift: 2122.222222222222
  Regs: 1696.296296296296
  Sub: 2522.2222222222217
  UAdd: 1737.037037037037
  USub: 2522.2222222222217
gamma:
  Add: 1535.7142857142856
  And: 314.2857142857143
  BitAnd: 76.19047619047619
  BitOr: 80.95238095238095
  BitXor: 92.85714285714285
  Buf: 0.0
  Eq: 380.9523809523809
  FloorDiv: 16802.38095238095
  Gt: 569.047619047619
  GtE: 702.3809523809523
  Invert: 100.0
  IsNot: 335.71428571428567
  LShift: 519.047619047619
  Lt: 569.047619047619
  LtE: 702.3809523809523
  MainMem: 1904.7619047619048
  Mod: 17271.42857142857
  Mult: 4499.999999999999
  Not: 100.0
  NotEq: 335.71428571428567
  OffChipIO: 0.0
  Or: 285.71428571428567
  RShift: 519.047619047619
  Regs: 275.95238095238096
  Sub: 1321.4285714285716
  UAdd: 1535.7142857142856
  USub: 1321.4285714285716
