C_gate: 0.0
Cs: 100.0
E_act_inv: 0.0
FO: 4.0
H_c: 3.0e-06
H_g: 3.0e-06
L: 2.2753358126144423e-07
L_c: 3.0e-06
L_ov: 3.75e-07
Lc: 2.0e-08
Lext: 1.0e-08
Lscale: 1.0e-07
M: 2.0
P_pass_inv: 0.0
Rsh_c_n: 9000.0
Rsh_c_p: 9000.0
Rsh_ext_n: 9000.0
Rsh_ext_p: 9000.0
V_dd: 5.000000046899379
V_th: 0.063977277520543
W: 4.550671670212573e-06
a: 0.5
alpha_dennard: 1.0
area: 2.0
beta_p_n: 2.0
clk_period: 13.832859093162943
d: 1.0e-06
delay: 0.0
eps_cap: 3.9
eps_semi: 11.7
epsilon_dennard: 1.0
f: 40000000.0
interconnect_amdahl_limit: 163575.8113679376
interconnect_resource_amdahl_limit: .inf
interconnect_resource_sensitivity: 0.0
interconnect_sensitivity: 6.113373317474798e-06
k_cnt: 3.9
k_gate: 30.56600805517253
logic_amdahl_limit: 705428.8098975426
logic_resource_amdahl_limit: 1.0000071880696415
logic_resource_sensitivity: 0.9999924690491911
logic_sensitivity: 1.417577479417292e-06
m10_k: 2.5
m10_rho: 4.0e-08
m1_k: 6.3469305843053085
m1_rho: 3.189719179293285e-07
m2_k: 26.52200708767757
m2_rho: 5.106245715115913e-07
m3_k: 37.692619142601416
m3_rho: 6.622579673842367e-07
m4_k: 37.609435833688245
m4_rho: 3.2615415222819715e-07
m5_k: 2.5
m5_rho: 4.0e-08
m6_k: 2.5
m6_rho: 4.0e-08
m7_k: 2.5
m7_rho: 4.0e-08
m8_k: 2.5
m8_rho: 4.0e-08
m9_k: 2.5
m9_rho: 4.0e-08
mD_fac: 0.5
memory_amdahl_limit: .inf
memory_resource_amdahl_limit: .inf
memory_resource_sensitivity: 0.0
memory_sensitivity: 0.0
mu_eff_n: 0.025
mu_eff_p: 0.0125
node_arrivals_end: 80673869.44798626
rho_c_n: 7.0e-11
rho_c_p: 7.0e-11
t_1: 1.0e-06
tox: 1.2762156365554094e-08
tsemi: 1.0e-08
u_n: 0.05668721185196607
