Cs: 100.0
FO: 4.0
H_c: 3.0e-06
H_g: 3.0e-06
L: 1.3417256482848532e-08
L_c: 3.0e-06
L_ov: 3.75e-07
Lc: 2.0e-08
Lext: 1.0e-08
M: 2.0
Rsh_c_n: 9000.0
Rsh_c_p: 9000.0
Rsh_ext_n: 9000.0
Rsh_ext_p: 9000.0
V_dd: 0.8306771944788042
V_th: 0.6729302039320934
W: 1.3417256477988813e-08
a: 0.5
alpha_dennard: 1.0
area: 2.0
beta_p_n: 2.0
clk_period: 0.8281840949742459
d: 1.0e-06
delay_var: 0.0016769953971970289
eps_cap: 3.9
eps_semi: 11.7
epsilon_dennard: 1.0
f: 40000000.0
interconnect_amdahl_limit: 60.289425496105274
interconnect_resource_amdahl_limit: .inf
interconnect_resource_sensitivity: 0.0
interconnect_sensitivity: 0.01658665664453226
k_cnt: 3.9
k_gate: 19.999999408653956
logic_amdahl_limit: 146.81549339586675
logic_resource_amdahl_limit: 1.0232923003309258
logic_resource_sensitivity: 0.9766020731218727
logic_sensitivity: 0.006811270233594809
m10_k: 2.5
m10_rho: 4.0e-08
m1_k: 1.999999983000938
m1_rho: 2.000000062075387e-08
m2_k: 2.5000124877668273
m2_rho: 4.0000079716760474e-08
m3_k: 2.5000124877668273
m3_rho: 4.0000079716760474e-08
m4_k: 2.5
m4_rho: 4.0e-08
m5_k: 2.5
m5_rho: 4.0e-08
m6_k: 2.5
m6_rho: 4.0e-08
m7_k: 2.5
m7_rho: 4.0e-08
m8_k: 2.5
m8_rho: 4.0e-08
m9_k: 2.5
m9_rho: 4.0e-08
mD_fac: 0.5
memory_amdahl_limit: .inf
memory_resource_amdahl_limit: .inf
memory_resource_sensitivity: 0.0
memory_sensitivity: 0.0
mu_eff_n: 0.025
mu_eff_p: 0.0125
node_arrivals_end: 1302.5681645483248
rho_c_n: 7.0e-11
rho_c_p: 7.0e-11
t_1: 1.0e-06
tox: 5.68899402062397e-09
tsemi: 1.0e-08
u_n: 0.07803094805595095
