C_fringe: 4.0e-17
C_g_ideal: 5.34e-16
C_junc: 1.0e-15
C_junc_sw: 2.5e-16
C_ox: 4.11e-14
Cs: 100.0
I_g_on_n: 6.55e-08
I_off_n: 5.32e-07
I_on_n: 0.0022117
I_on_p: 0.00110585
L: 6.053237052308595e-07
Mobility_n: 36184000000.0
V_dd: 2.9890673980761506
V_th: 0.5689436878965259
Vdd: 0.9
Vdsat: 0.0509
Vth: 0.21835
W: 4.14865717429266e-06
Wmemcella: 1.31
Wmemcellnmos: 2.08
Wmemcellpmos: 1.23
alpha_dennard: 1.0
alpha_scatter: 1.0
area: 2.0
area_cell: 146.0
asp_ratio_cell: 1.46
aspect_ratio: 3.0
barrier_thickness: 1.0e-09
c_addr: 0.75
c_data: 1.5
c_int: 1.5
c_tx: 2.0
chip_layout_overhead: 1.2
core_tx_density: 1.78571
dishing_thickness: 1.0e-09
dram_cell_C: 1.0e-09
dram_cell_I_off_worst_case_len_temp: 1.0e-09
dram_cell_I_on: 1.0e-09
dram_cell_Vdd: 1.0e-09
epsilon_dennard: 1.0
f: 99999673.13054818
fringe_cap: 1.15e-16
gmp_to_gmn_multiplier: 1.38
horiz_dielectric_constant: 1.664
i_bias: 15.0
i_leak: 1000.0
ild_thickness: 0.21
ioarea_c: 0.01
ioarea_k0: 0.5
ioarea_k1: 0.00015
ioarea_k2: 4.5e-08
ioarea_k3: 1.5e-11
k_gate: 3.9
k_noise_addr: 0.2
k_noise_addr_sen: 0.135
k_noise_read: 0.2
k_noise_read_sen: 0.21333333333333337
k_noise_write: 0.2
k_noise_write_sen: 0.24000000000000005
l_elec: 0.01013
l_phy: 0.013
lch_lk_rdc: 0.269833
logic_scaling_co_eff: 0.343
m1_k: 3.5433401079033313
m1_rho: 4.013947316577621e-08
m2_k: 3.9153658677053427
m2_rho: 4.015155559571958e-08
m3_k: 3.9153658677053427
m3_rho: 4.015155559571958e-08
macro_layout_overhead: 1.1
miller_value: 1.5
n2p_drv_rt: 2.41
nmos_effective_resistance_multiplier: 1.49
phy_bandgap_wtime: 10.0
phy_clock_tree_d: 0.5
phy_clock_tree_s: 1.0e-09
phy_datapath_d: 0.5
phy_datapath_s: 1.0e-09
phy_dcc_d: 0.05
phy_dcc_s: 1.0e-09
phy_deskew_d: 0.1
phy_deskew_s: 1.0e-09
phy_deskew_wtime: 0.003
phy_leveling_d: 0.05
phy_leveling_s: 1.0e-09
phy_phase_rotator_d: 0.01
phy_phase_rotator_s: 10.0
phy_phase_rotator_wtime: 5.0
phy_pll_d: 0.05
phy_pll_s: 10.0
phy_pll_wtime: 10.0
phy_rx_d: 0.5
phy_rx_s: 10.0
phy_rx_wtime: 2.0
phy_vrefgen_wtime: 0.5
r_diff_term: 100.0
r_on: 1.0e-09
r_on_ca: 50.0
r_stub_ca: 1.0e-09
resistivity: 0.018
rpar_read: 53.02325581395349
rpar_write: 67.5
rs1_dq: 15.0
rs2_dq: 15.0
rtt1_dq_read: 120.0
rtt1_dq_write: 120.0
rtt2_dq_read: 80.0
rtt2_dq_write: 120.0
rtt_ca: 50.0
sckt_co_eff: 1.1111
sense_delay: 3.0e-11
sense_dy_power: 2.16e-15
t_1: 1.0e-06
t_cor_margin: 30.0
t_dcd_dram: 50.0
t_dcd_soc: 50.0
t_dh: 150.0
t_dqsq: 100.0
t_ds: 150.0
t_error_soc: 25.0
t_flight: 1.0e-09
t_flight_ca: 2.0
t_ih: 150.0
t_is: 150.0
t_jitter_addr_hold: 100.0
t_jitter_addr_hold_sen: 65.0
t_jitter_addr_setup: 100.0
t_jitter_addr_setup_sen: 65.0
t_jitter_hold: 100.0
t_jitter_hold_sen: 154.99999999999997
t_jitter_setup: 100.0
t_jitter_setup_sen: 154.99999999999997
t_ox: 0.0005
t_skew_hold: 25.0
t_skew_setup: 25.0
t_soc_hold: 50.0
t_soc_setup: 50.0
tox: 2.1140921831826766e-07
tsv_contact_resistance: 0.1
tsv_depletion_width: 0.6
tsv_diameter: 0.7
tsv_dielec_thickness: 0.1
tsv_length: 5.0
tsv_liner_dielectric_cons: 1.664
tsv_pitch: 1.4
u_n: 0.09979454915838448
v_noise_independent_addr: 0.1
v_noise_independent_read: 0.1
v_noise_independent_write: 0.1
v_sw_addr: 0.75
v_sw_clk: 0.75
v_sw_data_read_line: 1.1692307692307695
v_sw_data_read_load1: 1.1692307692307693
v_sw_data_read_load2: 0.9846153846153848
v_sw_data_write_line: 1.5
v_sw_data_write_load1: 1.3333333333333333
v_sw_data_write_load2: 1.3333333333333333
vdd_io: 1.5
vert_dielectric_constant: 3.9
vpp: 1.0e-09
wire_c_per_micron: 1.0e-09
wire_pitch: 2.5
wire_r_per_micron: 1.0e-09
z0: 50.0
