Cs: 100.0
FO: 4.0
H_c: 3.0e-06
H_g: 3.0e-06
L: 8.330173825975581e-08
L_c: 3.0e-06
L_ov: 3.75e-07
Lc: 2.0e-08
Lext: 1.0e-08
Lscale: 1.0e-07
M: 2.0
Rsh_c_n: 9000.0
Rsh_c_p: 9000.0
Rsh_ext_n: 9000.0
Rsh_ext_p: 9000.0
V_dd: 4.098241910589592
V_th: 0.8229768388420834
W: 6.134453330116481e-07
a: 0.5
alpha_dennard: 1.0
area: 2.0
beta_p_n: 2.0
clk_period: 2.9472002969137354
d: 1.0e-06
delay_var: 0.006839116589430165
eps_cap: 3.9
eps_semi: 11.7
epsilon_dennard: 1.0
f: 40000000.0
interconnect_amdahl_limit: 23.077699034092042
interconnect_resource_amdahl_limit: .inf
interconnect_resource_sensitivity: 0.0
interconnect_sensitivity: 0.040913802256997006
k_cnt: 3.9
k_gate: 9.370398663394962
logic_amdahl_limit: 4.819761683001054
logic_resource_amdahl_limit: 1.3238521359994027
logic_resource_sensitivity: 0.7516070596090855
logic_sensitivity: 0.2074791381339405
m10_k: 2.5
m10_rho: 4.0e-08
m1_k: 2.1980163630445473
m1_rho: 2.7981870957973276e-08
m2_k: 3.7198118957959068
m2_rho: 5.2682611777688856e-08
m3_k: 3.7198118957959068
m3_rho: 5.2682611777688856e-08
m4_k: 2.5
m4_rho: 4.0e-08
m5_k: 2.5
m5_rho: 4.0e-08
m6_k: 2.5
m6_rho: 4.0e-08
m7_k: 2.5
m7_rho: 4.0e-08
m8_k: 2.5
m8_rho: 4.0e-08
m9_k: 2.5
m9_rho: 4.0e-08
mD_fac: 0.5
memory_amdahl_limit: .inf
memory_resource_amdahl_limit: .inf
memory_resource_sensitivity: 0.0
memory_sensitivity: 0.0
mu_eff_n: 0.025
mu_eff_p: 0.0125
node_arrivals_end: 2348.797759788968
rho_c_n: 7.0e-11
rho_c_p: 7.0e-11
t_1: 1.0e-06
tox: 5.307154847118147e-08
tsemi: 1.0e-08
u_n: 0.061818240592100025
