Cs: 100.0
FO: 4.0
H_c: 3.0e-06
H_g: 3.0e-06
L: 1.7249143058967382e-06
L_c: 3.0e-06
L_ov: 3.75e-07
Lc: 2.0e-08
Lext: 1.0e-08
M: 2.0
Rsh_c_n: 9000.0
Rsh_c_p: 9000.0
Rsh_ext_n: 9000.0
Rsh_ext_p: 9000.0
V_dd: 4.999311823885118
V_th: 0.8995021901462079
W: 5.181769664644585e-06
a: 0.5
alpha_dennard: 1.0
area: 2.0
beta_p_n: 2.0
clk_period: 116.83187266377452
d: 1.0e-06
delay_var: 0.12477996750552697
eps_cap: 3.9
eps_semi: 11.7
epsilon_dennard: 1.0
f: 40000000.0
interconnect_amdahl_limit: 40538.297060228775
interconnect_resource_amdahl_limit: .inf
interconnect_resource_sensitivity: 0.0
interconnect_sensitivity: 1.9536103234656833e-05
k_cnt: 3.9
k_gate: 3.9053058829224683
logic_amdahl_limit: 412.53088107370115
logic_resource_amdahl_limit: 1.0019000397393665
logic_resource_sensitivity: 0.9981035635651813
logic_sensitivity: 0.0018769003314909386
m10_k: 2.5
m10_rho: 4.0e-08
m1_k: 2.498625820410196
m1_rho: 3.999800001384865e-08
m2_k: 2.50000090055611
m2_rho: 4.0000005763548836e-08
m3_k: 2.50000090055611
m3_rho: 4.0000005763548836e-08
m4_k: 2.5
m4_rho: 4.0e-08
m5_k: 2.5
m5_rho: 4.0e-08
m6_k: 2.5
m6_rho: 4.0e-08
m7_k: 2.5
m7_rho: 4.0e-08
m8_k: 2.5
m8_rho: 4.0e-08
m9_k: 2.5
m9_rho: 4.0e-08
mD_fac: 0.5
memory_amdahl_limit: .inf
memory_resource_amdahl_limit: .inf
memory_resource_sensitivity: 0.0
memory_sensitivity: 0.0
mu_eff_n: 0.025
mu_eff_p: 0.0125
node_arrivals_end: 9449758062.467884
rho_c_n: 7.0e-11
rho_c_p: 7.0e-11
t_1: 1.0e-06
tox: 9.988673473874843e-08
tsemi: 1.0e-08
u_n: 0.07000557722678749
