C_gate: 0.0
Cs: 100.0
E_act_inv: 0.0
FO: 4.0
H_c: 3.0e-06
H_g: 3.0e-06
L: 1.0106132458514805e-06
L_c: 3.0e-06
L_ov: 3.75e-07
Lc: 2.0e-08
Lext: 1.0e-08
Lscale: 1.0e-07
M: 2.0
P_pass_inv: 0.0
Rsh_c_n: 9000.0
Rsh_c_p: 9000.0
Rsh_ext_n: 9000.0
Rsh_ext_p: 9000.0
V_dd: 4.999998776701283
V_th: 0.7297238816376189
W: 2.2439322151228366e-06
a: 0.5
alpha_dennard: 1.0
area: 2.0
beta_p_n: 2.0
clk_period: 80.54482725124407
d: 1.0e-06
delay: 0.0
eps_cap: 3.9
eps_semi: 11.7
epsilon_dennard: 1.0
f: 40000000.0
interconnect_amdahl_limit: 172072.4112838342
interconnect_resource_amdahl_limit: .inf
interconnect_resource_sensitivity: 0.0
interconnect_sensitivity: 5.8115068677079745e-06
k_cnt: 3.9
k_gate: 1.356498586113463
logic_amdahl_limit: 29021.094485010653
logic_resource_amdahl_limit: 1.000035543302972
logic_resource_sensitivity: 0.9999610248809463
logic_sensitivity: 3.3163612162612845e-05
m10_k: 2.5
m10_rho: 4.0e-08
m1_k: 0.7593325934073373
m1_rho: 4.0010464288688755e-08
m2_k: 10.69094367890867
m2_rho: 4.0026692936300545e-08
m3_k: 7.146229863045274
m3_rho: 4.001362304156548e-08
m4_k: 3.198686897696795
m4_rho: 4.000144070388536e-08
m5_k: 2.5
m5_rho: 4.0e-08
m6_k: 2.5
m6_rho: 4.0e-08
m7_k: 2.5
m7_rho: 4.0e-08
m8_k: 2.5
m8_rho: 4.0e-08
m9_k: 2.5
m9_rho: 4.0e-08
mD_fac: 0.5
memory_amdahl_limit: .inf
memory_resource_amdahl_limit: .inf
memory_resource_sensitivity: 0.0
memory_sensitivity: 0.0
mu_eff_n: 0.025
mu_eff_p: 0.0125
node_arrivals_end: 211152547.63827518
rho_c_n: 7.0e-11
rho_c_p: 7.0e-11
t_1: 1.0e-06
tox: 2.8756991439148135e-07
tsemi: 1.0e-08
u_n: 0.06895421329045025
