Cs: 100.0
FO: 4.0
H_c: 3.0e-06
H_g: 3.0e-06
L: 1.2808104696225398e-08
L_c: 3.0e-06
L_ov: 3.75e-07
Lc: 2.0e-08
Lext: 1.0e-08
Lscale: 1.0e-07
M: 2.0
Rsh_c_n: 9000.0
Rsh_c_p: 9000.0
Rsh_ext_n: 9000.0
Rsh_ext_p: 9000.0
V_dd: 2.3406789395620407
V_th: 0.5639377709465879
W: 6.829812260095173e-08
a: 0.5
alpha_dennard: 1.0
area: 2.0
beta_p_n: 2.0
clk_period: 250.0
d: 1.0e-06
delay_var: 0.00021882937088880413
eps_cap: 3.9
eps_semi: 11.7
epsilon_dennard: 1.0
f: 40000000.0
interconnect_amdahl_limit: 1.0
interconnect_resource_amdahl_limit: 1.0
interconnect_resource_sensitivity: 1.0
interconnect_sensitivity: 1.0
k_cnt: 3.9
k_gate: 19.99999976892772
logic_amdahl_limit: 1.0
logic_resource_amdahl_limit: 1.0
logic_resource_sensitivity: 1.0
logic_sensitivity: 1.0
m10_k: 2.5
m10_rho: 4.0e-08
m1_k: 2.000000001830992
m1_rho: 2.0000004608647335e-08
m2_k: 2.5000097451428513
m2_rho: 4.000006234452793e-08
m3_k: 2.5000097451428513
m3_rho: 4.000006234452793e-08
m4_k: 2.5
m4_rho: 4.0e-08
m5_k: 2.5
m5_rho: 4.0e-08
m6_k: 2.5
m6_rho: 4.0e-08
m7_k: 2.5
m7_rho: 4.0e-08
m8_k: 2.5
m8_rho: 4.0e-08
m9_k: 2.5
m9_rho: 4.0e-08
mD_fac: 0.5
memory_amdahl_limit: 1.0
memory_resource_amdahl_limit: 1.0
memory_resource_sensitivity: 1.0
memory_sensitivity: 1.0
mu_eff_n: 0.025
mu_eff_p: 0.0125
node_arrivals_end: 0.0
rho_c_n: 7.0e-11
rho_c_p: 7.0e-11
t_1: 1.0e-06
tox: 3.1024734005107813e-09
tsemi: 1.0e-08
u_n: 0.07
