alpha:
  Add: 15.710332910572166
  And: 1.0
  BitAnd: 1.0
  BitOr: 1.0
  BitXor: 1.0
  Buf: 0.0
  Eq: 15.710332910572166
  FloorDiv: 699.4079497560354
  Gt: 15.710332910572166
  GtE: 15.710332910572166
  Invert: 1.0
  IsNot: 1.0
  LShift: 23.108856384893578
  Lt: 15.710332910572166
  LtE: 15.710332910572166
  MainMem: 116.30547355711983
  Mod: 15.710332910572166
  Mult: 699.4079497560354
  Not: 1.0
  NotEq: 15.710332910572166
  Or: 1.0
  RShift: 23.108856384893578
  Regs: 0.49842406083330104
  Sub: 15.710332910572166
  UAdd: 15.710332910572166
  USub: 15.710332910572166
beta:
  Add: 5.343856543742073
  And: 1.0
  BitAnd: 1.0
  BitOr: 1.0
  BitXor: 1.0
  Buf: 0.0
  Eq: 5.343856543742073
  FloorDiv: 177.7595284271814
  Gt: 5.343856543742073
  GtE: 5.343856543742073
  Invert: 1.0
  IsNot: 1.0
  LShift: 2.7781052952623297
  Lt: 5.343856543742073
  LtE: 5.343856543742073
  MainMem: 0.13822819531212033
  Mod: 5.343856543742073
  Mult: 177.7595284271814
  Not: 1.0
  NotEq: 5.343856543742073
  Or: 1.0
  RShift: 2.7781052952623297
  Regs: 0.12100386263376743
  Sub: 5.343856543742073
  UAdd: 5.343856543742073
  USub: 5.343856543742073
gamma:
  Add: 15.666666666666666
  And: 1.0
  BitAnd: 1.0
  BitOr: 1.0
  BitXor: 1.0
  Buf: 0.0
  Eq: 15.666666666666666
  FloorDiv: 16.333333333333332
  Gt: 15.666666666666666
  GtE: 15.666666666666666
  Invert: 1.0
  IsNot: 1.0
  LShift: 11.666666666666666
  Lt: 15.666666666666666
  LtE: 15.666666666666666
  MainMem: 396.58333333333337
  Mod: 15.666666666666666
  Mult: 16.333333333333332
  Not: 1.0
  NotEq: 15.666666666666666
  Or: 1.0
  RShift: 11.666666666666666
  Regs: 33.333333333333336
  Sub: 15.666666666666666
  UAdd: 15.666666666666666
  USub: 15.666666666666666
