alpha:
  Add: 9.13070822764304
  And: 8.809814453125
  BitAnd: 2.774553571428571
  BitOr: 2.6272321428571423
  BitXor: 2.9285714285714284
  Eq: 15.31747580576804
  FloorDiv: 2908.729219630248
  Gt: 20.91098166514304
  GtE: 18.914190370500183
  Invert: 1.0
  IsNot: 1.0
  LShift: 13.95355338193768
  Lt: 21.77136810487518
  LtE: 20.724527982107325
  Mod: 16.06747580576804
  Mult: 1140.3882597362465
  Not: 1.0
  NotEq: 22.444986966482325
  Or: 8.310302734375
  RShift: 13.95355338193768
  Regs: 0.26410889605439525
  Sub: 9.88070822764304
  UAdd: 9.13070822764304
  USub: 9.88070822764304
beta:
  Add: 6.585964136169884
  And: 7.878906249205357
  BitAnd: 2.4999999997656355
  BitOr: 2.4999999997656355
  BitXor: 3.250000000163924
  Eq: 7.371120384525668
  FloorDiv: 2544.189881846416
  Gt: 9.421901635093269
  GtE: 9.585964134294963
  Invert: 1.0
  IsNot: 1.0
  LShift: 8.194526323815582
  Lt: 11.964870385609604
  LtE: 9.421901635093269
  Mod: 8.121120385228762
  Mult: 990.7055070082303
  Not: 1.0
  NotEq: 11.964870385609604
  Or: 7.878906249205357
  RShift: 8.194526323815582
  Regs: 0.28200867655644485
  Sub: 7.33596413452933
  UAdd: 6.585964136169884
  USub: 7.33596413452933
gamma:
  Add: 72.38124039938556
  And: 7.733006912442396
  BitAnd: 1.2792626728110599
  BitOr: 1.3357603686635944
  BitXor: 1.2583410138248847
  Eq: 11.439016897081412
  FloorDiv: 190.45723886328724
  Gt: 15.109466205837172
  GtE: 15.213152841781874
  Invert: 1.0
  IsNot: 1.0
  LShift: 3.376090629800307
  Lt: 12.189016897081412
  LtE: 12.189016897081412
  Mod: 12.189016897081412
  Mult: 244.7628840245776
  Not: 1.0
  NotEq: 12.189016897081412
  Or: 7.898744239631336
  RShift: 3.376090629800307
  Regs: 17.987711213517667
  Sub: 73.13124039938556
  UAdd: 72.38124039938556
  USub: 73.13124039938556

