Ceff:
  Add: 2.3443322314049585e-13
  And: 1.4922231404958676e-14
  BitAnd: 1.4922231404958676e-14
  BitOr: 1.4922231404958676e-14
  BitXor: 1.4922231404958676e-14
  Eq: 2.3443322314049585e-13
  FloorDiv: 1.0436727272727273e-11
  Gt: 2.3443322314049585e-13
  GtE: 2.3443322314049585e-13
  Invert: 1.4922231404958676e-14
  IsNot: 1.4922231404958676e-14
  LShift: 3.4483570247933885e-13
  Lt: 2.3443322314049585e-13
  LtE: 2.3443322314049585e-13
  Mod: 2.3443322314049585e-13
  Mult: 1.0436727272727273e-11
  Not: 1.4922231404958676e-14
  NotEq: 2.3443322314049585e-13
  Or: 1.4922231404958676e-14
  RShift: 3.4483570247933885e-13
  Regs: 7.43759917355372e-15
  Sub: 2.3443322314049585e-13
  UAdd: 2.3443322314049585e-13
  USub: 2.3443322314049585e-13
Reff:
  Add: 801.9341178759956
  And: 804.1692743092286
  BitAnd: 804.1692743092286
  BitOr: 804.1692743092286
  BitXor: 804.1692743092286
  Eq: 801.9341178759956
  FloorDiv: 18.779833455280304
  Gt: 801.9341178759956
  GtE: 801.9341178759956
  Invert: 804.1692743092286
  IsNot: 804.1692743092286
  LShift: 405.99044412574483
  Lt: 801.9341178759956
  LtE: 801.9341178759956
  Mod: 801.9341178759956
  Mult: 18.779833455280304
  Not: 804.1692743092286
  NotEq: 801.9341178759956
  Or: 804.1692743092286
  RShift: 405.99044412574483
  Regs: 53780.79547796848
  Sub: 801.9341178759956
  UAdd: 801.9341178759956
  USub: 801.9341178759956
other:
  MemPpass: 0.0
  MemReadL: 8.0e-10
  MemReadPact: 0.0
  MemWriteL: 8.0e-10
  MemWritePact: 0.0
  Roff_on_ratio: 2461.957930610907
  V_dd: 1.1
  f: 2000000000.0
