Ceff:
<<<<<<< Updated upstream
  Add: 0.0022693136
  And: 0.0001444472
  BitAnd: 0.0001444472
  BitOr: 0.0001444472
  BitXor: 0.0001444472
  Eq: 0.0022693136
  FloorDiv: 0.10102752
  Gt: 0.0022693136
  GtE: 0.0022693136
  Invert: 0.0001444472
  IsNot: 0.0001444472
  LShift: 0.0033380096
  Lt: 0.0022693136
  LtE: 0.0022693136
  Mod: 0.0022693136
  Mult: 0.10102752
  Not: 0.0001444472
  NotEq: 0.0022693136
  Or: 0.0001444472
  RShift: 0.0033380096
  Regs: 7.199596e-05
  Sub: 0.0022693136
  UAdd: 0.0022693136
  USub: 0.0022693136
Reff:
  Add: 414.2221683243779
  And: 415.3766912754279
  BitAnd: 415.3766912754279
  BitOr: 415.3766912754279
  BitXor: 415.3766912754279
  Eq: 414.2221683243779
  FloorDiv: 9.700327197975364
  Gt: 414.2221683243779
  GtE: 414.2221683243779
  Invert: 415.3766912754279
  IsNot: 415.3766912754279
  LShift: 209.7058079161905
  Lt: 414.2221683243779
  LtE: 414.2221683243779
  Mod: 414.2221683243779
  Mult: 9.700327197975364
  Not: 415.3766912754279
  NotEq: 414.2221683243779
  Or: 415.3766912754279
  RShift: 209.7058079161905
  Regs: 27779.336507215125
  Sub: 414.2221683243779
  UAdd: 414.2221683243779
  USub: 414.2221683243779
=======
  Add: 0.0005673284
  And: 3.61118e-05
  BitAnd: 3.61118e-05
  BitOr: 3.61118e-05
  BitXor: 3.61118e-05
  Eq: 0.0005673284
  FloorDiv: 0.02525688
  Gt: 0.0005673284
  GtE: 0.0005673284
  Invert: 3.61118e-05
  IsNot: 3.61118e-05
  LShift: 0.0008345024
  Lt: 0.0005673284
  LtE: 0.0005673284
  Mod: 0.0005673284
  Mult: 0.02525688
  Not: 3.61118e-05
  NotEq: 0.0005673284
  Or: 3.61118e-05
  RShift: 0.0008345024
  Regs: 1.799899e-05
  Sub: 0.0005673284
  UAdd: 0.0005673284
  USub: 0.0005673284
Reff:
  Add: 1656.8886732975116
  And: 1661.5067651017116
  BitAnd: 1661.5067651017116
  BitOr: 1661.5067651017116
  BitXor: 1661.5067651017116
  Eq: 1656.8886732975116
  FloorDiv: 38.801308791901455
  Gt: 1656.8886732975116
  GtE: 1656.8886732975116
  Invert: 1661.5067651017116
  IsNot: 1661.5067651017116
  LShift: 838.823231664762
  Lt: 1656.8886732975116
  LtE: 1656.8886732975116
  Mod: 1656.8886732975116
  Mult: 38.801308791901455
  Not: 1661.5067651017116
  NotEq: 1656.8886732975116
  Or: 1661.5067651017116
  RShift: 838.823231664762
  Regs: 111117.3460288605
  Sub: 1656.8886732975116
  UAdd: 1656.8886732975116
  USub: 1656.8886732975116
>>>>>>> Stashed changes
