Ceff:
  Add: 0.0004869568336369051
  And: 3.61118e-05
  BitAnd: 3.61118e-05
  BitOr: 3.61118e-05
  BitXor: 3.61118e-05
  Eq: 0.0005673284
  FloorDiv: 0.02525688
  Gt: 0.0005673284
  GtE: 0.0005673284
  Invert: 3.61118e-05
  IsNot: 3.61118e-05
  LShift: 0.0008345024
  Lt: 0.0005673284
  LtE: 0.0005673284
  Mod: 0.0005673284
  Mult: 0.013385405035439116
  Not: 3.61118e-05
  NotEq: 0.0005673284
  Or: 3.61118e-05
  RShift: 0.0008345024
  Regs: 1.3343887212965896e-05
  Sub: 0.0005673284
  UAdd: 0.0005673284
  USub: 0.0005673284
Reff:
  Add: 1458.3760528781327
  And: 1661.5067651017116
  BitAnd: 1661.5067651017116
  BitOr: 1661.5067651017116
  BitXor: 1661.5067651017116
  Eq: 1656.8886732975116
  FloorDiv: 38.801308791901455
  Gt: 1656.8886732975116
  GtE: 1656.8886732975116
  Invert: 1661.5067678863556
  IsNot: 1661.5067651017116
  LShift: 838.823231664762
  Lt: 1656.8886732975116
  LtE: 1656.8886732975116
  Mod: 1656.8886732975116
  Mult: 26.03637465134305
  Not: 1661.5067651017116
  NotEq: 1656.8886732975116
  Or: 1661.5067651017116
  RShift: 838.823231664762
  Regs: 82679.58121690748
  Sub: 1656.8886732975116
  UAdd: 1656.8886732975116
  USub: 1656.8886732975116
other:
  V_dd: 0.5777768664968937
  f: 4999999891.575407
