Ceff:
  Add: 2.7999966174202272e-06
  And: 1.4922231404958676e-14
  BitAnd: 1.4922231404958676e-14
  BitOr: 1.4922231404958676e-14
  BitXor: 1.4922231404958676e-14
  Eq: 2.344332231404959e-13
  FloorDiv: 1.0436727272727271e-11
  Gt: 2.344332231404959e-13
  GtE: 2.344332231404959e-13
  Invert: 1.4922231404958676e-14
  IsNot: 1.4922231404958676e-14
  LShift: 3.448357024793389e-13
  Lt: 2.344332231404959e-13
  LtE: 2.344332231404959e-13
  Mod: 2.344332231404959e-13
  Mult: 0.00011745928194492308
  Not: 1.4922231404958676e-14
  NotEq: 2.344332231404959e-13
  Or: 1.4922231404958676e-14
  RShift: 3.448357024793389e-13
  Regs: 1.5848195291045977e-08
  Sub: 2.344332231404959e-13
  UAdd: 2.344332231404959e-13
  USub: 2.344332231404959e-13
Reff:
  Add: 1.1000003831966338
  And: 2010.4231857730717
  BitAnd: 2010.4231857730717
  BitOr: 2010.4231857730717
  BitXor: 2010.4231857730717
  Eq: 2004.8352946899886
  FloorDiv: 46.949583638200764
  Gt: 2004.8352946899886
  GtE: 2004.8352946899886
  Invert: 2010.4231857730717
  IsNot: 2010.4231857730717
  LShift: 1014.976110314362
  Lt: 2004.8352946899886
  LtE: 2004.8352946899886
  Mod: 2004.8352946899886
  Mult: 46.94959918976144
  Not: 2010.4230098630374
  NotEq: 2004.8352946899886
  Or: 2010.4231857730717
  RShift: 1014.976110314362
  Regs: 134444.33026717024
  Sub: 2004.8352946899886
  UAdd: 2004.8352946899886
  USub: 2004.8352946899886
other:
  MemPpass: 526.5161948631528
  MemReadL: 2.0e-09
  MemReadPact: 0.0
  MemWriteL: 2.0e-09
  MemWritePact: 0.0
  V_dd: 1.1000114964336927
  f: 2000016460.6440437
