Ceff:
  Add: 3.457572702240461e-06
  And: 1.4922231404958676e-14
  BitAnd: 1.4922231404958676e-14
  BitOr: 1.4922231404958676e-14
  BitXor: 1.4922231404958676e-14
  Eq: 2.344332231404959e-13
  FloorDiv: 1.0436727272727271e-11
  Gt: 2.344332231404959e-13
  GtE: 2.344332231404959e-13
  Invert: 1.4922231404958676e-14
  IsNot: 1.4922231404958676e-14
  LShift: 3.448357024793389e-13
  Lt: 2.344332231404959e-13
  LtE: 2.344332231404959e-13
  Mod: 2.344332231404959e-13
  Mult: 0.00013380521534660933
  Not: 1.4922231404958676e-14
  NotEq: 2.344332231404959e-13
  Or: 1.4922231404958676e-14
  RShift: 3.448357024793389e-13
  Regs: 2.0522395143990314e-08
  Sub: 2.344332231404959e-13
  UAdd: 2.344332231404959e-13
  USub: 2.344332231404959e-13
Reff:
  Add: 2004.8340355856321
  And: 2010.4231857730717
  BitAnd: 2010.4231857730717
  BitOr: 2010.4231857730717
  BitXor: 2010.4231857730717
  Eq: 2004.8352946899886
  FloorDiv: 46.949583638200764
  Gt: 2004.8352946899886
  GtE: 2004.8352946899886
  Invert: 2010.4231857730717
  IsNot: 2010.4231857730717
  LShift: 1014.976110314362
  Lt: 2004.8352946899886
  LtE: 2004.8352946899886
  Mod: 2004.8352946899886
  Mult: 46.94959245810941
  Not: 46.949596346656975
  NotEq: 2004.8352946899886
  Or: 2010.4231857730717
  RShift: 1014.976110314362
  Regs: 134447.8665257668
  Sub: 2004.8352946899886
  UAdd: 2004.8352946899886
  USub: 2004.8352946899886
other:
  MemPpass: 327.69592045347554
  MemReadL: 2.0e-09
  MemReadPact: 0.0
  MemWriteL: 2.0e-09
  MemWritePact: 0.0
  V_dd: 1.1000003432981231
  f: 1999887095.4665692
