Ceff:
  Add: 7.393868418889797e-05
  And: 8.953338842975206e-07
  BitAnd: 8.953338842975206e-07
  BitOr: 8.953338842975206e-07
  BitXor: 8.953338842975206e-07
  Eq: 0.0002203672297520661
  FloorDiv: 0.010227992727272726
  Gt: 0.0002203672297520661
  GtE: 0.0002203672297520661
  Invert: 8.953338842975206e-07
  IsNot: 8.953338842975206e-07
  LShift: 0.00024138499173553718
  Lt: 0.0002203672297520661
  LtE: 0.0002203672297520661
  Mod: 0.0002203672297520661
  Mult: 0.010227992727272726
  Not: 8.953338842975206e-07
  NotEq: 0.0002203672297520661
  Or: 8.953338842975206e-07
  RShift: 0.00024138499173553718
  Regs: 4.8988908513411414e-06
  Sub: 0.0002203672297520661
  UAdd: 0.0002203672297520661
  USub: 0.0002203672297520661
Reff:
  Add: 1271.7343477658417
  And: 33507.05309621786
  BitAnd: 33507.05309621786
  BitOr: 33507.05309621786
  BitXor: 33507.05309621786
  Eq: 2132.80350498935
  FloorDiv: 47.90773840632731
  Gt: 2132.80350498935
  GtE: 2132.80350498935
  Invert: 33507.05309621786
  IsNot: 33507.05309621786
  LShift: 1449.9658718776602
  Lt: 2132.80350498935
  LtE: 2132.80350498935
  Mod: 2132.80350498935
  Mult: 47.90773840632731
  Not: 30008.98126893725
  NotEq: 2132.80350498935
  Or: 33507.05309621786
  RShift: 1449.9658718776602
  Regs: 23838.169594525294
  Sub: 2132.80350498935
  UAdd: 2132.80350498935
  USub: 2132.80350498935
other:
  BufL: 1.47098
  BufPpass: 6.348340000000001e-08
  BufReadEact: 2.2885100000000002e-10
  BufWriteEact: 3.2773400000000005e-10
  MemPpass: 4.0458735150285664e-08
  MemReadEact: 1.2535300000000001e-09
  MemReadL: 4.16988
  MemWriteEact: 2.795e-09
  MemWriteL: 4.16988
  OffChipIOL: 1.25e-09
  OffChipIOPact: 1.50636
  V_dd: 0.5000214622861503
