Ceff:
  Add: 0.0035073634061811385
  And: 6.411255424861486e-09
  BitAnd: 1.3744409171577606e-08
  BitOr: 1.2285419876176166e-08
  BitXor: 1.4887887851485491e-08
  Eq: 1.3296978936309077e-07
  FloorDiv: 1.3427975400177115e-06
  Gt: 1.3323592112600808e-07
  GtE: 1.1649098514980804e-07
  Invert: 5.603767903858755e-09
  IsNot: 5.603767903858755e-09
  LShift: 1.0210429268189277e-06
  Lt: 1.8941814631526078e-07
  LtE: 1.783064378601159e-07
  Mod: 1.2887273192164021e-07
  Mult: 0.001094928341475497
  Not: 5.603767903858755e-09
  NotEq: 1.9656823160357012e-07
  Or: 5.906637570671668e-09
  RShift: 1.0210429268189277e-06
  Regs: 3.9953853759977546e-08
  Sub: 7.552776338179715e-09
  UAdd: 6.673576505971704e-09
  USub: 7.552776338179715e-09
Reff:
  Add: 256.77803080620464
  And: 9358541.506135093
  BitAnd: 4365411.364795181
  BitOr: 4883837.96441111
  BitXor: 4030121.706888952
  Eq: 7069274.942093887
  FloorDiv: 729819.627154719
  Gt: 7055154.436249917
  GtE: 8069293.93541616
  Invert: 10707081.56179773
  IsNot: 10707081.56179773
  LShift: 685573.5264538376
  Lt: 4962565.721847461
  LtE: 5271823.111274558
  Mod: 7294017.795568714
  Mult: 985.299859400954
  Not: 10707081.56179773
  NotEq: 4782054.517821319
  Or: 10158063.58221792
  RShift: 685573.5264538376
  Regs: 49483.89845643768
  Sub: 124457544.86972511
  UAdd: 140854008.2156639
  USub: 124457544.86972511
other:
  V_dd: 0.6993771854813653
  f: 1664986076.4283254
