Ceff:
  Add: 0.0006777263290032053
  And: 0.0001444472
  BitAnd: 0.0001444472
  BitOr: 0.0001444472
  BitXor: 0.0001444472
  Eq: 0.0022693136
  FloorDiv: 0.10102752
  Gt: 0.0022693136
  GtE: 0.0022693136
  Invert: 0.0001444472
  IsNot: 0.0001444472
  LShift: 0.0033380096
  Lt: 0.0022693136
  LtE: 0.0022693136
  Mod: 0.0022693136
  Mult: 0.010045646118269204
  Not: 0.0001444472
  NotEq: 0.0022693136
  Or: 0.0001444472
  RShift: 0.0033380096
  Regs: 1.820000586445762e-05
  Sub: 0.0022693136
  UAdd: 0.0022693136
  USub: 0.0022693136
Reff:
  Add: 160.3081495671321
  And: 415.3766912754279
  BitAnd: 415.3766912754279
  BitOr: 415.3766912754279
  BitXor: 415.3766912754279
  Eq: 414.2221683243779
  FloorDiv: 9.700327197975364
  Gt: 414.2221683243779
  GtE: 414.2221683243779
  Invert: 415.3770703859215
  IsNot: 415.3766912754279
  LShift: 209.7058079161905
  Lt: 414.2221683243779
  LtE: 414.2221683243779
  Mod: 414.2221683243779
  Mult: 2.081807229575036
  Not: 415.3766912754279
  NotEq: 414.2221683243779
  Or: 415.3766912754279
  RShift: 209.7058079161905
  Regs: 7241.487250716005
  Sub: 414.2221683243779
  UAdd: 414.2221683243779
  USub: 414.2221683243779
other:
  V_dd: 0.5000000003311241
  f: 4999999993.3632
